192685286260000,0.61702
192760000011000,0.603378
192760636614000,0.594381
192761272871000,0.572164
192761909656000,0.590537
192762505967000,0.607321
192768569565000,0.632497
192769256065000,0.611323
192769927826000,0.618448
192770569451000,0.618427
192771190415000,0.613208
192771906999000,1.07265
192774007367000,0.506889
192778952938000,0.503881
192779349048000,0.558237
192779821172000,0.58774
192782792043000,0.593882
192783423630000,0.600782
192784064852000,0.609248
192784676070000,0.615315
192785332636000,0.646282
192785989089000,0.647346
192786631249000,0.672915
192787522286000,0.636621
192793671774000,0.646521
192794458351000,0.628214
192795100063000,0.626126
192795812499000,0.612282
192796488341000,0.620284
192797134190000,1.25191
192805659824000,1.29016
192806380155000,0.636572
192807047094000,0.636389
192807778817000,0.606304
192809177139000,0.591301
192809843090000,0.586348
192812014227000,0.598997
192821586216000,0.606209
192891404137000,0.610734
192899517903000,0.625211
192900139402000,0.631961
192901543547000,0.621344
192902259496000,0.608478
192902915290000,0.611208
192905586782000,0.646999
192906232759000,0.641743
192906909670000,0.633004
192908749265000,0.60053
192909379744000,0.610146
192910011821000,0.616355
192911340903000,0.62206
192912016591000,0.612096
192914337694000,0.599976
192915008881000,0.596464
192915634542000,0.597715
192916236072000,1.21043
192916882366000,1.21965
192924500713000,0.61508
192925131139000,0.626812
192925818018000,0.632864
192926484496000,0.62918
192927162021000,0.618502
192928648984000,0.583962
192991152031000,0.589486
193003971577000,0.583229
193049158929000,0.596203
193165071930000,0.578193
193170213705000,1.13696
193265088947000,1.1482
193819226744000,0.60871
193833063785000,0.640235
193833669812000,1.30413
193834361370000,0.625245
193835058044000,1.20924
193835705306000,0.591587
193836351501000,0.599891
193836962186000,0.61633
193876403172000,0.634733
193877074733000,0.620437
193877751708000,0.608915
193878422767000,0.58687
193879044159000,0.576812
193879685842000,0.565548
193880268058000,0.57119
193880833857000,1.15449
193881389726000,0.581481
193881971164000,0.578625
193882552092000,0.57477
193883153882000,0.59883
193884637123000,0.609982
193885198634000,0.619536
193885975005000,1.18722
193886633113000,0.572061
193887248784000,0.534029
193887844466000,0.55443
193888395888000,1.17557
193888826785000,0.645234
193889553564000,1.2508
193890280865000,0.598214
193890961610000,0.572451
193891597948000,1.13639
193892204519000,1.1417
193892751121000,0.565922
193893353398000,0.547207
193893948728000,0.549895
193894459394000,0.565499
193894966016000,0.577262
193895567248000,0.574335
193896158883000,0.566166
193896710925000,0.567077
193897296278000,0.561405
193897857444000,1.12544
193898428949000,0.561544
193899010277000,1.11451
193899582689000,0.557058
193900153375000,0.556187
193900713952000,0.561446
193901280436000,0.563643
193901846841000,0.569559
193902418029000,0.570454
193903000324000,0.569328
193903591015000,0.563417
193904176654000,0.561799
193904753406000,0.559504
193905314937000,1.12072
193905897478000,0.555913
193906453063000,0.55514
193907018695000,0.558244
193907574601000,0.570324
193908126447000,0.574316
193908692765000,1.15042
193909285028000,1.13039
193909855562000,0.56116
193910436312000,0.560346
193911007905000,0.563549
193911563913000,0.577134
193912140438000,0.582066
193912702624000,0.589994
193913298196000,0.581206
193913884440000,0.577477
193914481025000,0.568578
193915062072000,0.568536
193915649391000,0.56737
193916225291000,0.568519
193916806039000,0.56756
193917397466000,0.56675
193917974016000,0.569462
193918555058000,0.568483
193919132556000,0.57028
193919727751000,0.566525
193920304227000,0.567783
193920890585000,0.563552
193921467167000,1.12875
193922044688000,0.564231
193922620055000,0.568422
193923190554000,0.569654
193923772309000,1.14548
193924353449000,0.570618
193924940027000,0.568465
193925532163000,0.56233
193926112826000,0.560439
193926693752000,1.11102
193927255332000,0.555358
193927836649000,0.554182
193928383968000,0.559197
193928949829000,0.564295
193929515335000,0.572446
193930081918000,1.14518
193930648155000,0.56837
193931234344000,0.561359
193931816603000,0.559242
193932387372000,0.562309
193932962858000,1.12958
193933534881000,0.577183
193934120972000,1.15413
193934678567000,0.57356
193935274468000,0.560183
193935855029000,0.556259
193936416329000,0.559587
193936982790000,0.560436
193937543627000,1.12493
193938121398000,0.561223
193938691891000,0.565416
193939257631000,0.567562
193939839300000,0.567411
193940415419000,0.567444
193941583800000,0.565454
193942154612000,0.566549
193942735853000,0.564815
193943312374000,0.564601
193943893626000,0.560327
193944466231000,0.560097
193945046667000,0.556179
193945602259000,0.559361
193946178896000,0.56242
193946735475000,0.57335
193947301540000,0.575276
193947878593000,0.579249
193948464406000,1.14463
193949029677000,0.571624
193949622135000,0.564553
193950198237000,1.12878
193950775150000,1.14026
193951351270000,0.573305
193951911484000,0.582438
193952493307000,0.576459
193953059988000,0.573163
193953656145000,0.563412
193954238171000,0.564352
193954808929000,0.567491
193955384678000,0.57085
193955961424000,0.575575
193956552813000,0.57542
193957130054000,0.582062
193957741091000,0.58588
193958336682000,0.589115
193958993364000,0.585336
193959634742000,0.572241
193960236182000,0.573162
193960833282000,0.569014
193961393959000,0.581042
193961990237000,0.579316
193962556346000,0.58727
193963152777000,0.581311
193963735153000,0.582181
193964330860000,0.573403
193964911446000,0.570545
193965508296000,0.565642
193966089758000,0.566464
193966666144000,0.566538
193967247748000,0.564417
193967823309000,0.565509
193968405083000,0.563619
193968976363000,0.564541
193969562407000,0.561431
193970139838000,0.56235
193970710525000,0.562451
193971280944000,1.1313
193971847936000,0.56563
193972419225000,0.566508
193973000588000,0.565498
193973577607000,0.568224
193974153101000,0.568494
193974734428000,0.569719
193975320300000,1.13129
193975897121000,0.565483
193976489663000,0.562218
193977060050000,0.565409
193977641125000,1.12465
193978212455000,0.565266
193978803802000,0.569933
193979947086000,0.572225
193980512900000,0.57028
193981103577000,1.12352
193981675390000,0.558412
193982246629000,1.12993
193982819255000,0.56789
193983374849000,0.579132
193983960526000,1.1445
193984521950000,0.571073
193985113159000,1.1244
193986256804000,1.12654
193986837564000,0.560296
193987408060000,1.12132
193987989669000,0.557506
193988556242000,0.559362
193989123477000,0.559178
193989689492000,0.562257
193990254938000,0.561451
193990826394000,0.560603
193991407547000,0.557478
193991974096000,0.560309
193992541375000,0.560207
193993102017000,1.12676
193993682615000,0.559412
193994249402000,1.12441
193994835619000,0.565987
193995969048000,1.13858
193996529568000,0.569434
193997110313000,0.564876
193997677157000,0.56252
193998248378000,0.568142
193998831201000,0.570961
193999386674000,0.580278
193999977260000,0.573435
194000548844000,0.572527
194001140032000,0.564535
194001711528000,0.564372
194002288594000,0.563355
194002864287000,0.563427
194003435029000,0.565753
194004022097000,0.561409
194004593048000,0.563399
194005180454000,0.56216
194005746255000,0.568404
194006317029000,0.566422
194006898121000,0.566711
194007484624000,1.12291
194008055795000,0.561356
194008633338000,0.559129
194009193810000,0.562399
194009759470000,0.562582
194010325955000,0.564684
194010907491000,0.560388
194011479095000,0.562307
194012070867000,0.55817
194012631548000,0.560334
194013212692000,1.12523
194013779167000,0.573323
194014345238000,0.576362
194014918034000,0.576122
194015508539000,0.567389
194016084115000,1.12689
194016665750000,0.567283
194017237040000,0.570254
194017788301000,0.57728
194018370460000,0.571364
194018931206000,0.571471
194019516646000,0.566816
194020093743000,0.562443
194020669995000,0.561335
194021247061000,0.560229
194021808068000,0.566404
194022383751000,0.566524
194022955353000,0.574585
194023541656000,0.576424
194024122905000,0.584244
194024730250000,0.589743
194025320878000,0.597668
194025936612000,0.596088
194026558569000,0.618875
194027200100000,1.28884
194027797865000,1.28584
194028403055000,0.607759
194029189473000,0.577734
194029800945000,0.57358
194030392460000,0.572434
194030989910000,0.570372
194031570413000,0.581696
194032151160000,1.19762
194032732936000,1.26579
194033374196000,1.27739
194034052031000,1.23676
194034802726000,0.603933
194036732267000,0.59587
194037309409000,0.610967
194037969974000,0.596584
194038585739000,0.597783
194039212526000,0.588207
194039809361000,0.589942
194040426530000,0.586095
194041022241000,0.59286
194041638049000,1.18982
194042249574000,0.603405
194042885936000,0.605154
194043507525000,0.616859
194044159702000,0.627131
194044810532000,0.628145
194049406297000,1.25074
194050113489000,0.613307
194050754475000,0.62833
194051430477000,0.629481
194052072668000,0.654956
194052774035000,1.29267
194053446312000,0.641401
194054192080000,0.612929
194054883602000,1.20319
194055530285000,0.594962
194056156868000,1.19894
194056783987000,0.596403
194057394587000,0.59564
194058045902000,0.588446
194058667511000,0.599106
194059304075000,0.60377
194059911115000,0.613232
194060562046000,0.605018
194061198096000,0.605295
194061849797000,0.598728
194062471156000,0.60143
194063108700000,0.597538
194063734344000,1.20282
194064370145000,0.596995
194064996969000,0.598685
194065643619000,0.596693
194066256086000,0.601255
194066881774000,1.19906
194067502402000,0.606856
194068149059000,0.605816
194068770790000,0.621663
194069442959000,0.618868
194070074039000,1.23807
194070759941000,0.604408
194071421453000,0.597918
194072043370000,0.593885
194072670708000,0.591916
194073286537000,0.587119
194073907128000,0.587559
194074524073000,0.585375
194075130122000,0.591032
194075748002000,0.595411
194076348520000,1.20479
194076974229000,0.598844
194077600774000,0.608875
194078252533000,0.606791
194078860023000,0.608677
194079530846000,0.605579
194080161632000,0.608565
194083379143000,0.615351
194084055800000,0.607134
194084692517000,0.61312
194085344840000,0.612139
194085965735000,0.623861
194086626337000,0.619738
194087273285000,0.614597
194087964960000,0.608683
194088622549000,0.604837
194098830055000,0.607849
194099481208000,0.603612
194100112960000,0.603454
194100739240000,0.599556
194101356705000,0.591732
194101977587000,0.587182
194102598392000,0.593671
194103209944000,0.62401
194103816448000,1.27568
194106953733000,0.639477
194107726637000,0.617701
194108392502000,1.21146
194109038054000,0.595868
194109684982000,1.18423
194110321452000,0.588014
194110938770000,0.593461
194111564722000,0.588731
194112155469000,0.59573
194112777076000,0.591165
194113378216000,0.594975
194113994932000,0.591125
194114606924000,0.591981
194115232713000,1.18225
194115844141000,0.591954
194116460630000,0.592806
194117704156000,0.589962
194118319944000,0.59106
194118940961000,0.587481
194119552578000,0.590195
194120164125000,0.588117
194120776398000,1.1838
194121392116000,0.590066
194122002782000,0.59604
194122639836000,0.60129
194123246009000,0.623727
194123913654000,0.625564
194124549605000,0.628454
194125245296000,1.22552
194125887359000,1.19441
194126558873000,0.599607
194127206299000,0.596911
194128783908000,0.620897
194145622788000,0.632624
194146240337000,1.26899
194146941087000,0.6293
194147697364000,0.609825
194150077864000,0.540442
194152283228000,0.540493
194152915434000,0.531566
194153916517000,0.584428
194155801676000,1.2235
194162557333000,1.23925
194169517864000,1.26848
194171362213000,0.609799
194171979642000,0.616093
194173577089000,0.646281
194175157125000,1.27209
194180057062000,0.629031
194180913865000,0.593973
194181561199000,0.627793
194209980709000,0.638867
194211674776000,1.34323
194212546710000,0.643028
194213213252000,1.32412
194213996063000,0.648476
194214681852000,0.652949
194215408400000,1.26858
194216085038000,0.62889
194217483590000,0.617908
194218144415000,0.61087
194218791307000,0.613352
194219452732000,1.21136
194220085064000,0.598635
194220736116000,0.58013
194221361830000,0.570411
194221968468000,0.565633
194222555148000,0.564508
194223136136000,0.567413
194223723232000,1.13444
194224304237000,0.570373
194224900066000,0.569779
194225491168000,0.570677
194226087951000,0.574374
194226685427000,0.575238
194227270948000,0.591004
194227886769000,0.593379
194228463467000,0.615253
194229109833000,0.615999
194229722839000,0.614572
194230438398000,0.593707
194237208684000,0.574166
194237819921000,0.569644
194238416106000,0.566539
194238982515000,0.571485
194239574946000,1.14069
194240155496000,0.575449
194240751334000,0.573773
194241333131000,0.577543
194241939443000,0.573515
194242526905000,0.574311
194243132527000,0.568466
194243718384000,0.571498
194244309831000,0.569614
194244886171000,0.573541
194245487602000,0.568364
194246069658000,1.14064
194246665497000,0.567464
194247251152000,0.568846
194247838042000,0.565638
194248424355000,0.566527
194249001619000,0.566338
194249577469000,0.568452
194250158305000,0.568562
194250739697000,1.14341
194251321010000,0.572563
194251902426000,0.575403
194252494552000,1.15072
194253080135000,0.580421
194253670759000,0.580774
194254262754000,0.583491
194254879298000,0.623809
194255476667000,0.631188
194268245733000,0.628972
194269147265000,1.17263
194269773541000,0.603557
194270906034000,0.616299
194271493863000,0.619326
194272219453000,0.598334
194272875183000,0.601119
194273502219000,0.604754
194274113703000,0.61918
194274771064000,0.617391
194275391836000,0.618432
194276072553000,0.607195
194276734758000,0.602533
194277360844000,0.596691
194277993243000,0.586623
194278634369000,0.571123
194279250007000,0.561661
194279831815000,0.55643
194280393098000,0.557364
194280960270000,0.555038
194281521233000,0.558159
194282092155000,0.558259
194282643228000,0.563677
194283214536000,0.564609
194283785942000,0.572355
194284358159000,0.571165
194284918988000,0.577208
194285509707000,0.574448
194286076178000,0.587136
194286667654000,0.589827
194287254144000,0.599534
194287876193000,0.597547
194288496771000,0.610144
194289138249000,0.593438
194289759716000,0.578977
194291979370000,0.569494
194292561230000,0.574693
194293112468000,0.585052
194293718834000,0.573339
194294295602000,0.575244
194294891596000,0.5904
194295477764000,0.605839
194296064309000,0.615761
194296735499000,0.602393
194297368022000,0.598456
194297993629000,0.58381
194298620095000,0.57313
194299261516000,0.56157
194299842996000,0.564371
194300410493000,1.12622
194300961048000,0.560134
194301531667000,0.564001
194302098184000,1.13412
194302639552000,0.570275
194303215849000,0.56036
194303787154000,0.558353
194304353293000,0.560377
194304919783000,0.56059
194305486029000,0.56142
194306067334000,1.1167
194306629733000,0.560204
194307200103000,0.559374
194307771245000,0.563487
194308337523000,0.564724
194308908808000,0.56663
194309490270000,0.563412
194310067654000,0.564295
194310643268000,0.564428
194311213916000,0.568676
194311790615000,0.568422
194312371865000,0.567297
194312964561000,0.560026
194313545164000,0.559179
194314130919000,0.560336
194314687183000,0.56359
194315258493000,0.564625
194315834993000,0.570262
194316396631000,0.573312
194316962945000,0.580228
194317548786000,1.14448
194318120173000,0.571391
194318716577000,0.563489
194319292914000,0.564516
194319875130000,0.564355
194320455584000,1.12704
194321041983000,0.568569
194321628332000,0.567444
194322205036000,0.576169
194322807094000,0.574087
194323377949000,0.584053
194323968494000,0.581323
194324545006000,0.587354
194325141308000,0.584379
194325727831000,0.589159
194326324936000,0.579931
194326910623000,0.580044
194327521774000,0.575561
194328093214000,0.578507
194328689606000,0.587327
194329296916000,0.593093
194329882529000,0.595347
194330528407000,0.580399
194331150441000,0.568584
194341594412000,0.560522
194364327336000,1.14749
194375683602000,0.584735
194376229710000,0.598483
194402816431000,0.592046
194444623202000,0.593886
194445785874000,0.58791
194446397334000,1.15979
194448301935000,0.606727
194454360677000,0.627747
194507815396000,0.652553
194508521336000,0.632072
194509216973000,0.612974
194509894240000,0.595577
194516178750000,0.589721
194516779894000,0.591604
194517397760000,0.564574
194518043534000,0.557892
194534080504000,0.557956
194555992126000,1.0765
194556587447000,0.535796
194557188306000,0.538887
194559615038000,1.16935
194596345973000,0.570301
194606353932000,0.563116
194612173577000,0.576717
194612654005000,0.602943
194613239772000,0.651866
194613911337000,0.64027
194614562414000,0.684489
194616041511000,0.650955
194616652167000,0.678455
194619534599000,0.652688
194620250955000,0.663142
194620982804000,0.65813
194621725847000,0.654702
194622441546000,0.652468
194623152667000,0.655115
194623874334000,0.659008
194624596407000,0.662241
194625323737000,0.66047
194626094753000,0.641145
194626826421000,0.63128
194630906122000,0.641839
194631538425000,0.676125
194632204286000,0.680564
194633005908000,0.663192
194633782516000,0.64403
194634481284000,0.646293
194635181990000,0.651554
194635897409000,0.650966
194636594415000,0.648229
194637321368000,0.645738
194638028166000,0.65281
194638729406000,0.640572
194639415877000,0.619042
194640177846000,1.18598
194643636011000,0.579286
194645319765000,0.575274
194651459565000,0.556528
194652025019000,0.548339
194653494331000,1.12135
194654020996000,0.586021
194681855742000,1.28038
194686020316000,0.651079
194687608887000,0.679386
194688476118000,1.29669
194689944607000,0.652559
194691608459000,0.642245
194692244644000,0.658254
194692966843000,1.31805
194693668288000,0.648286
194695071603000,0.645106
194695803576000,0.641098
194696464920000,0.649155
194697146596000,1.28644
194697848163000,0.640707
194698544816000,0.646203
194699231711000,0.660078
194699918104000,1.33887
194700664588000,0.686084
194701416618000,0.65858
194702163633000,0.649582
194703030179000,0.634673
194708693446000,0.649789
194710147006000,0.664012
194710848605000,0.652782
194712251805000,0.668231
194713054084000,0.65473
194713735660000,0.667634
194714542194000,0.667672
194715234159000,0.669361
194715996029000,1.30116
194716742618000,0.653201
194717464061000,0.63421
194718135811000,0.622919
194720546576000,0.526968
194724470672000,1.08888
194725097524000,0.564785
194726911689000,0.666972
194727663448000,0.655099
194728420006000,0.666759
194729176662000,0.651217
194729868650000,0.642597
194730695406000,0.597483
194732329156000,1.17428
194733472035000,0.59033
194734043314000,0.612857
194735612139000,1.21942
194737145621000,1.29316
194738659327000,0.667795
194743285126000,0.696102
194744843377000,0.682879
194745630239000,1.33653
194746356986000,0.663879
194747845799000,0.63968
194748562506000,0.630207
194749254178000,0.634931
194749949983000,0.63768
194750602333000,0.647336
194751278996000,0.651205
194751970731000,0.671217
194752652079000,1.33334
194753413927000,0.648947
194754170724000,0.636495
194754862617000,0.637332
194755518984000,0.644691
194756250316000,0.644771
194756942096000,1.28755
194757643911000,0.643866
194758355726000,0.635633
194759036796000,1.27142
194759723799000,0.636439
194760410439000,0.647762
194761086839000,0.651227
194761793547000,1.29885
194762475510000,0.637186
194763176758000,0.633911
194763853313000,0.632164
194764529917000,0.637258
194765206586000,0.64487
194765892938000,0.648308
194766574902000,0.648199
194767287560000,0.643043
194767958201000,0.646751
194768664596000,0.653097
194769346037000,0.652146
194770074107000,0.649424
194770775078000,0.63718
194771466078000,0.64387
194772167900000,0.645362
194772844682000,0.64984
194773557002000,0.638684
194774277818000,0.638215
194774974589000,0.631868
194775646135000,0.637189
194777014740000,1.29772
194777675201000,0.657383
194778377675000,0.65622
194779079295000,0.639835
194779791614000,0.63375
194780472434000,0.627732
194781159106000,0.624399
194781840656000,0.621663
194782492064000,0.633236
194783169549000,0.637529
194783830443000,0.640587
194784511960000,0.63311
194785198736000,0.632105
194785866298000,0.630131
194786552294000,0.630281
194787228225000,0.633068
194787899708000,0.639904
194788561701000,0.637882
194789239429000,0.632628
194789915066000,0.622313
194790590718000,0.620913
194791252861000,0.617995
194791904477000,1.23191
194792577007000,0.608575
194793227584000,0.611322
194793888769000,0.61526
194794520545000,0.622521
194795182094000,0.617999
194795839473000,0.620515
194796500357000,0.617937
194797141754000,0.619041
194797813300000,0.616244
194798464729000,1.23246
194799117207000,1.23029
194799772943000,0.622915
194800439430000,1.24793
194801075734000,0.629311
194801752571000,0.622501
194802414722000,0.625057
194803075639000,0.622663
194803742576000,0.62166
194804414100000,0.613182
194805071351000,1.23316
194805737682000,0.614784
194806367973000,0.620833
194807025226000,1.23074
194807671590000,0.618003
194808324094000,0.613222
194808980042000,0.627183
194809651044000,0.630945
194810277631000,0.656368
194811019634000,0.665339
194811701807000,1.36346
194812398138000,0.66361
194813184471000,0.681392
194813961313000,0.693596
194818833193000,0.732903
194825548634000,0.72453
194826415696000,0.699186
194827072357000,0.684555
194827950099000,0.643782
194828645886000,0.625202
194829452894000,0.587797
194832790589000,0.593904
194836133647000,0.615696
194836720106000,0.640775
194837452524000,0.658436
194839020509000,0.657682
194839712096000,0.683338
194840469635000,0.668148
194841215873000,0.665783
194842017462000,0.642363
194842693968000,0.649036
194843405995000,0.640523
194844108266000,0.644536
194844823457000,0.643255
194845500770000,0.648345
194846187386000,0.649831
194846894993000,0.653044
194847601145000,0.657317
194848322105000,0.648986
194849034189000,0.649602
194849755708000,0.629558
194850483040000,0.614419
194851214106000,0.5929
194852141384000,0.591067
194853590495000,0.602544
194855273843000,0.607565
194871391784000,0.616098
194877094780000,1.24843
194881896466000,0.648323
194885039103000,0.676732
194885756261000,0.669226
194888723202000,0.657845
194890361526000,0.626955
194891800783000,1.26847
194892516870000,0.651636
194893990195000,0.634217
194894686606000,0.593041
194896661385000,0.560784
194900229786000,0.567652
194900756027000,0.591322
194902704961000,0.624131
194905932648000,1.2684
194908104132000,0.628837
194911141266000,0.599276
194911787065000,1.18221
194912408558000,0.592265
194913019874000,0.585194
194913636273000,0.584129
194914268896000,0.577322
194914859636000,0.581382
194915470529000,1.15561
194916067293000,0.57861
194916683550000,0.57755
194917276272000,0.582217
194917877026000,0.583321
194918472778000,0.586344
194919089407000,0.589247
194919685764000,0.593066
194920297198000,0.593071
194920919254000,0.614446
194921555201000,0.610366
194922166663000,0.604127
194922948296000,1.14705
194923554753000,0.574449
194924141841000,0.576283
194924717679000,0.584409
194925323984000,0.58454
194925920483000,0.587357
194926537225000,0.58329
194927144206000,0.582268
194927754906000,0.578501
194928350836000,0.580769
194928952662000,0.579587
194929549077000,0.58337
194930151666000,0.584154
194930747350000,0.593666
194931348024000,0.593057
194931969723000,0.596751
194932611062000,0.585061
194933223780000,0.535185
194933859809000,0.526415
194934465529000,0.535164
194934871113000,0.634331
194935442846000,0.664844
194936084323000,1.31575
194937057225000,0.601581
194937788308000,0.592473
194938394861000,1.23804
194938986291000,0.630757
194940505117000,0.612552
194941261651000,0.582808
194941903223000,0.577358
194942464394000,0.575083
194943041925000,0.572936
194943632530000,0.575715
194944183081000,0.605762
194944754928000,0.610991
194945381291000,0.593397
194946129256000,0.5605
194946729906000,0.518192
194947275494000,0.520966
194947822129000,0.526561
194948248367000,0.561412
194948809272000,0.553813
194949386750000,1.09513
194949952269000,0.559651
194950488079000,0.580807
194951029466000,0.595053
194951651331000,0.598547
194952287261000,0.588772
194952904699000,0.584558
194953565540000,1.14726
194954151979000,0.576725
194954738155000,0.576583
194955324949000,0.578423
194955922171000,0.575379
194956512708000,0.576542
194957108639000,0.580552
194957695447000,0.590042
194958281762000,0.589904
194958883852000,0.584886
194959510100000,0.578454
194960125748000,0.577609
194960732415000,0.586994
194961353909000,0.584817
194961940349000,0.592602
194962567411000,0.581961
194963153047000,0.590699
194963774636000,0.583113
194964351046000,0.590852
194964972432000,1.16222
194965549587000,0.588722
194966160404000,0.586013
194966746106000,1.18486
194967358082000,0.586405
194967969509000,1.17245
194968587244000,0.5812
194969187738000,0.582341
194969803273000,0.578624
194970400205000,0.582519
194971011639000,1.16068
194971603087000,0.58337
194972215202000,1.15862
194972810446000,0.580604
194973422297000,0.577732
194974018467000,0.580576
194974625365000,0.580315
194975222477000,0.582294
194975828239000,0.578417
194976433775000,0.577837
194977040878000,0.577568
194977632014000,0.592162
194978224577000,0.607685
194978810275000,0.610995
194979461236000,1.16339
194980148087000,0.554766
194980764563000,1.09111
194981291848000,0.56048
194981827735000,0.581408
194982378415000,1.17975
194982974806000,0.581556
194983616267000,0.569252
194984222563000,0.567358
194984784667000,1.15434
194985360467000,0.58714
194985956501000,0.586454
194986567915000,0.575982
194987199480000,0.567398
194987792261000,0.569023
194988362808000,0.577407
194988948639000,0.58804
194989544933000,0.590162
194990141720000,0.591976
194990772950000,1.17469
194991380023000,0.589082
194991995966000,0.588309
194992617326000,1.16649
194993243606000,0.574388
194994477066000,0.576286
194995068075000,0.583982
194995644058000,0.590375
194996256321000,0.589148
194996877607000,0.575886
194997479557000,0.567957
194998095501000,0.566172
194998666078000,0.574394
194999228079000,0.58345
194999829247000,1.16489
195000430646000,0.586282
195001042498000,1.17801
195001623529000,0.594057
195002224991000,0.589195
195002841419000,0.583325
195003453130000,0.582352
195004034890000,0.5871
195004615708000,0.588204
195005217107000,0.589365
195005833598000,0.593763
195006429927000,0.596667
195007037451000,0.594615
195007668195000,0.595584
195008274107000,1.18966
195008871081000,0.595669
195009507243000,1.1802
195010114271000,0.594766
195010725564000,1.19342
195011346011000,0.595942
195011982903000,0.591338
195012614354000,0.592988
195013225872000,0.593889
195013833318000,0.597566
195014463736000,0.594003
195015084909000,0.594222
195015711568000,0.586185
195016333122000,0.581287
195016955446000,0.571354
195017545832000,1.14313
195018142328000,0.576447
195018718770000,0.583411
195019310244000,0.584245
195019932649000,0.584107
195020543397000,0.586195
195021144053000,0.59153
195021760647000,0.584193
195022382338000,1.15628
195023010366000,1.14249
195023595659000,0.586075
195024186377000,0.606242
195024752812000,1.23159
195025379472000,0.603951
195026061138000,0.58613
195026688016000,0.574306
195027289030000,0.573457
195027885422000,0.578256
195028451579000,0.590929
195029038245000,0.589726
195029640241000,0.595109
195030256041000,0.592469
195030836880000,0.604412
195031463795000,1.21013
195032070252000,0.615276
195032722751000,0.609506
195034445649000,0.602923
195035117453000,0.589139
195035739972000,0.588009
195036355617000,0.587206
195036961750000,0.605673
195037583184000,0.615102
195038194564000,0.613125
195069021994000,1.20021
195069678050000,0.592097
195070285128000,0.595862
195070916379000,0.593026
195071532911000,0.594126
195072164356000,0.59204
195072775579000,0.608371
195073407971000,0.615769
195074013480000,0.633767
195074685035000,0.608444
195075347030000,0.607413
195102640834000,0.603394
195108435341000,0.614765
195110624375000,0.609071
195111998742000,0.585907
195114945676000,0.570342
195115571362000,0.535898
195116132205000,0.542399
195808397182000,0.578856
195895653595000,0.655221
195917266923000,0.687092
195919287125000,0.677437
195920124310000,0.6403
195921662848000,1.18861
195922399683000,0.573508
195937091242000,0.572565
195938890979000,1.15664
195942616363000,0.566988
195943247407000,0.561847
195943797893000,0.589097
195945016033000,0.618766
195948740218000,0.624133
195949423234000,0.607336
195950669984000,0.590618
195951266592000,0.587474
195951858221000,0.587248
195952456321000,0.586103
195953061458000,0.590082
195953661895000,0.591579
195954259216000,0.589271
195954880631000,0.589927
195955483935000,0.589634
195956064700000,0.589784
195956684840000,0.585417
195957286624000,0.585568
195957868128000,0.589234
195958464605000,0.593969
195959072223000,0.596613
195959682446000,1.19178
195960324161000,0.592321
195960960690000,0.593042
195961567245000,0.592974
195962184851000,0.587797
195962820403000,0.577517
195963436556000,0.575862
195964028158000,0.578595
195964615055000,0.582396
195965217444000,1.1665
195965823234000,0.582437
195966423977000,0.581945
195967035812000,0.578708
195967637409000,0.573527
195968235587000,0.571219
195968830993000,0.571468
195969411695000,0.5766
195970003123000,0.579822
195970594816000,0.583498
195971196350000,0.585248
195971799099000,0.582127
195972409590000,0.576406
195973024894000,0.57306
195973617093000,0.573738
195974198498000,0.574621
195974791381000,0.572394
195975386996000,0.572587
195975977861000,0.576622
195976564578000,0.58256
195977151151000,1.16876
195977757790000,0.583412
195978374728000,0.580529
195978975368000,1.15732
195979576970000,0.578804
195980174035000,0.579541
195980770204000,0.580408
195981377606000,0.578379
195981983384000,0.575554
195982588934000,0.57507
195983186049000,0.573775
195983777480000,0.574556
195984380582000,0.574347
195984976144000,0.575526
195985571527000,0.578664
195986173562000,0.580655
195986770051000,0.583475
195987376591000,0.581486
195987978873000,0.586071
195988579620000,0.583238
195989170976000,1.1648
195989792446000,0.577649
195990384061000,0.582347
195990966175000,0.584295
195991557110000,0.586228
195992163048000,0.58939
195992755046000,0.590142
195993350944000,0.590166
195993973982000,0.597718
195994579676000,0.616736
195995190680000,0.627639
196002995489000,1.24941
196003693004000,0.605409
196004349053000,0.593377
196005004982000,0.587529
196005606724000,0.597411
196006203387000,0.604161
196006830915000,0.605956
196007496784000,0.603412
196008132703000,0.60465
196008749685000,1.20892
196009376178000,0.602486
196010008822000,0.599517
196010634650000,0.594847
196011260609000,0.591453
196011877285000,0.589449
196012473792000,0.589227
196013081584000,0.584128
196013697634000,0.579394
196014313061000,0.576689
196014914937000,0.576801
196015511640000,0.576621
196016112952000,0.576622
196016710313000,0.576496
196017305998000,0.578564
196017907307000,0.580704
196018499062000,1.16892
196019100378000,0.586284
196019707757000,0.587168
196020318736000,1.16862
196020934487000,0.581829
196021546359000,0.581626
196022142806000,0.586305
196022735710000,0.590952
196023346510000,0.593039
196023967166000,1.18454
196024588921000,0.591343
196025210560000,0.590231
196025827226000,0.591134
196026444242000,0.590162
196027065096000,0.587299
196027686487000,0.586483
196028308461000,0.590044
196028909737000,0.596793
196029516852000,0.599557
196030132768000,0.600678
196030749086000,0.600895
196031365581000,0.593775
196031987389000,0.584795
196032614933000,0.583871
196033200516000,0.590831
196033780888000,1.19065
196034398147000,0.588218
196035020004000,0.58239
196035622507000,0.583196
196036203108000,0.587271
196036794114000,0.588348
196037395857000,1.17498
196037997430000,0.587263
196038593813000,0.588218
196039196129000,1.16836
196039801680000,0.581495
196040412954000,1.15956
196041009832000,0.582527
196041616207000,0.582335
196042223616000,0.580303
196042839545000,0.575517
196043444912000,0.572991
196044041997000,0.57172
196044628676000,0.575562
196045221175000,0.579299
196045811685000,0.585353
196046412860000,0.587352
196047019494000,0.585526
196047635945000,0.581527
196048252419000,0.579611
196048849732000,0.582356
196049440555000,0.58733
196050041959000,0.595081
196050653506000,0.599685
196051270132000,0.594586
196051912613000,0.578434
196052548289000,0.585773
196053149559000,0.590622
196054935085000,0.600532
196055610658000,0.586315
196056226750000,1.1714
196056833784000,0.587385
196057430124000,0.58925
196058037849000,0.589064
196058643635000,0.587302
196059234490000,0.587424
196059836276000,0.588415
196060432793000,1.18598
196061024216000,0.596847
196061631445000,0.597688
196062247059000,0.592016
196062863661000,0.583478
196063475196000,0.57766
196064056615000,0.583031
196064629269000,1.19215
196065214927000,0.602331
196065835471000,0.606165
196066487624000,1.21394
196071565259000,0.605932
196072206479000,0.597672
196072858225000,0.586434
196073469794000,1.18504
196074062652000,0.59808
196074643338000,0.593983
196075274053000,0.583939
196075901121000,0.580365
196076472495000,0.586282
196077058485000,0.590211
196077660812000,0.589131
196078256768000,0.587252
196078858080000,0.586557
196079454606000,0.589196
196080036002000,0.590109
196080633658000,0.582962
196081244053000,0.580375
196081834936000,0.583507
196082396852000,0.591295
196082998406000,0.591128
196083611109000,1.17988
196084212057000,0.589157
196084802699000,1.1787
196085404089000,0.589471
196086000821000,1.17662
196086597482000,0.586293
196087199462000,0.586252
196087800262000,0.592874
196088391656000,0.603509
196088998073000,0.612719
196095860054000,0.617099
196096507807000,0.619683
196097153598000,0.616108
196097804439000,0.611899
196098456380000,1.21073
196099087917000,0.602461
196099725475000,0.601429
196100361397000,0.602455
196100987363000,0.60551
196101629322000,0.604338
196102265742000,0.603399
196102908107000,0.601423
196103543877000,0.603481
196104180217000,0.607375
196104816782000,0.60821
196105458698000,0.605157
196106101287000,0.602334
196106732251000,0.606016
196107352868000,0.612835
196107989892000,0.616338
196108641471000,0.608577
196109304248000,0.598183
196109960146000,0.590138
196110575938000,0.58637
196111187738000,1.15843
196111804187000,0.576246
196112411611000,0.584434
196112987943000,0.594501
196113588611000,0.593528
196114240276000,0.589059
196119678813000,0.591816
196120279683000,0.597156
196120891580000,0.596911
196121523081000,0.593041
196122135857000,0.589957
196122736584000,0.590133
196123347362000,0.593057
196123944017000,0.59981
196124560660000,0.601513
196125187197000,0.601572
196125814380000,0.599563
196126439890000,0.597802
196127081822000,0.595093
196127713269000,0.596795
196128334549000,1.19943
196128951959000,0.601455
196129592724000,1.21541
196130219476000,0.614045
196130850928000,0.626871
196137121452000,0.632839
196137778059000,0.630003
196138455439000,0.619069
196139156284000,0.608083
196139807864000,0.607292
196140444621000,0.608057
196141076186000,1.21048
196141708334000,0.606992
196142339084000,0.602307
196142950619000,0.606111
196143587590000,0.604175
196144203812000,0.60418
196144850989000,0.595519
196145502065000,1.18039
196146123276000,0.587567
196146729880000,0.58636
196147356600000,0.583354
196147964104000,1.16066
196148564483000,1.15511
196149175341000,0.574986
196149772518000,1.14943
196150358921000,0.576555
196150951462000,0.578353
196151542319000,0.579531
196152138023000,0.57451
196152744813000,0.570633
196153346608000,0.570516
196153917813000,0.577483
196154499707000,1.16265
196155100826000,0.581456
196155707127000,0.581707
196156308298000,0.583584
196156905006000,0.583351
196157512511000,0.581295
196158128406000,0.580455
196158723947000,0.583739
196159320945000,0.584577
196159922368000,0.581409
196160534848000,0.577333
196161141098000,0.576502
196161736557000,1.1573
196162327962000,0.582725
196162919906000,1.16685
196163521251000,0.581361
196164133631000,0.577335
196164739196000,0.575647
196165340278000,0.575941
196165936910000,0.576704
196166528703000,0.57746
196167126247000,0.580263
196167726745000,0.581457
196168327436000,0.582746
196168944299000,0.577638
196169555874000,0.576502
196170168205000,0.579173
196170759469000,0.582233
196171355224000,0.58341
196171971620000,1.15751
196172568031000,0.578636
196173169700000,1.15316
196173761991000,0.579325
196174357943000,0.582421
196174944082000,1.1712
196175540599000,0.583487
196176142384000,0.582375
196176744536000,0.583241
196177335321000,0.587314
196177931293000,0.591407
196178533022000,0.588236
196179134705000,0.588079
196179752144000,1.18651
196180347879000,0.604924
196180953810000,0.607041
196181595476000,0.597618
196182232094000,1.17834
196182853645000,0.583327
196183470848000,0.582224
196184086543000,1.16299
196184682740000,0.582782
196185284194000,1.16915
196185890945000,0.585431
196186498638000,0.585147
196187114219000,0.583428
196187730515000,0.581741
196188336787000,1.16325
196188933589000,0.586136
196189536181000,0.58799
196190136868000,0.592079
196190762513000,0.597821
196191374429000,0.607868
196192001122000,0.614357
196192643763000,0.613324
196193299783000,0.603981
196193940318000,1.19196
196194567289000,0.593136
196195168617000,0.600344
196195771431000,0.608694
196196397432000,0.607793
196197043021000,0.601719
196197699852000,0.597049
196198331196000,0.595023
196198949216000,0.592763
196199580305000,0.589073
196200201078000,0.590234
196200812490000,0.593288
196201418979000,0.594018
196202045905000,0.591146
196202673216000,0.59001
196203288433000,0.592132
196203905327000,0.595097
196204526554000,0.599648
196205158010000,0.60059
196205775398000,0.600469
196206406135000,0.600572
196207032538000,0.601734
196207654256000,0.603433
196208285593000,0.60163
196208913244000,0.600517
196209538826000,1.19956
196210175377000,0.600787
196210802042000,0.601534
196211428758000,1.2028
196212065794000,0.595682
196212696440000,0.586155
196213332488000,0.580826
196213944474000,0.581545
196214531312000,0.584323
196215128795000,0.584138
196215749815000,1.20751
196216350544000,1.17038
196216947082000,1.13213
196217684121000,0.535908
196218226143000,0.542165
196218741950000,0.564923
196219292465000,0.58211
196219833905000,0.592108
196220470639000,0.588119
196221102353000,0.580357
196221699677000,0.585076
196222310286000,0.584266
196222896250000,0.592324
196223513215000,0.59115
196224114552000,0.592043
196224742230000,0.59016
196225353040000,0.591056
196227387949000,0.588995
196228010414000,0.587089
196228620848000,0.583375
196229221273000,0.58667
196229828706000,0.585462
196230429921000,0.591093
196231037529000,0.588056
196231643671000,0.592867
196232274321000,0.593908
196232881358000,0.612654
196233507853000,0.62519
196234139232000,0.623351
196234856403000,0.57963
196237226941000,0.554745
196238720152000,0.552322
196239216806000,0.587142
196240414186000,0.59793
196241021959000,0.594578
196241692885000,0.581423
196242299026000,0.584469
196242885336000,0.585374
196243487116000,0.588137
196244104255000,0.58417
196244705035000,0.586323
196245316000000,0.582709
196245917395000,0.584495
196246524277000,0.58141
196247126600000,0.590658
196247742261000,0.593654
196248343484000,0.572398
196248990657000,1.18342
196249611988000,0.598848
196251135970000,0.666327
196251922564000,0.64071
196252574249000,0.667111
196253411910000,0.622912
196254033203000,0.615854
196254859327000,0.578665
196255455710000,0.574646
196256057664000,0.566462
196256644602000,0.564497
196257225942000,0.566378
196257791528000,0.573575
196258363383000,0.577594
196258949415000,0.580563
196259551214000,0.580459
196260153079000,1.15677
196260754033000,0.574549
196261355284000,0.572957
196261946908000,0.571764
196262523477000,0.573563
196263116372000,0.57118
196263696902000,1.14297
196264287453000,0.569616
196264868353000,0.574682
196265445434000,0.57648
196266026696000,1.15494
196266633550000,0.569428
196267229624000,0.564414
196267830666000,1.10881
196268397414000,0.555227
196268988408000,0.559039
196269536141000,0.569398
196270102066000,0.574497
196270682587000,0.577568
196271269579000,0.577707
196271855759000,0.579471
196272436955000,0.579485
196273014511000,0.58035
196273604956000,0.578576
196274201152000,0.583463
196274788034000,0.580138
196275364362000,0.578044
196275966749000,1.14873
196276542500000,0.581342
196277133058000,0.579382
196277725137000,0.58135
196278321254000,0.577306
196278882706000,0.575141
196279485318000,0.566203
196280085727000,0.558349
196280667037000,1.12498
196281253379000,0.550209
196281830011000,0.557018
196282442338000,1.09974
196282997981000,0.567064
196283588895000,0.565263
196284150185000,0.57277
196284736659000,0.571543
196285313481000,0.576357
196285890523000,0.574353
196286470725000,0.578441
196287071751000,0.578793
196287663878000,0.576208
196288260167000,1.14064
196288863141000,0.565238
196289423226000,0.571497
196290009293000,0.568458
196290585997000,0.568555
196291187364000,0.563502
196291758600000,0.571355
196292330733000,0.574214
196292911383000,0.585195
196293512700000,0.580352
196294099073000,0.58128
196294740740000,0.569302
196295327996000,0.567186
196295919014000,0.563449
196296494314000,0.566761
196297066040000,0.567755
196297647849000,0.568497
196298229398000,0.569496
196298811068000,0.573488
196299391583000,1.14742
196299978104000,0.573914
196300574944000,0.572655
196301161512000,0.580157
196301749059000,0.582046
196302339337000,1.1428
196302964904000,0.558184
196303566889000,0.570648
196304113266000,0.579332
196342760985000,0.589718
196343433222000,0.568139
196344014078000,0.564068
196344609935000,0.557507
196345176684000,0.561482
196345737831000,0.561473
196346309696000,0.562396
196346886023000,0.561451
196347452082000,0.565598
196348023405000,0.565741
196348594914000,0.568586
196349171343000,0.568512
196349748395000,0.569427
196350334079000,0.56235
196350915099000,0.561393
196351511837000,0.563379
196352063430000,0.57887
196352634629000,1.17182
196353221383000,0.603398
196353842103000,0.599738
196354448320000,0.6145
196355134846000,0.613501
196355746842000,0.591755
196356419242000,1.18923
196362539017000,1.23607
196364261974000,0.669108
196367655299000,0.695868
196368492127000,0.669484
196369239676000,0.624298
196464720488000,0.561092
196480407174000,0.528157
196480953643000,1.078
196486518173000,0.587874
196487013596000,0.611518
196506870259000,0.624681
196507667314000,0.591002
196508268377000,0.593083
196522798311000,0.584111
196523379144000,0.611072
196526065993000,0.614135
196526661889000,0.63114
196527413841000,1.22708
196528035389000,0.631995
196528717836000,0.635225
196529358748000,1.26428
196530059452000,0.654395
196532060533000,0.642413
196532671504000,0.679946
196533533384000,1.28028
196534174955000,0.673985
196535012977000,0.636177
196535643783000,0.659698
196536485203000,1.24316
196537101771000,0.628317
196537863355000,0.606081
196538495876000,0.611517
196539136714000,0.604892
196539772888000,0.620256
196540439843000,0.620037
196541055176000,0.665183
196541733586000,0.651792
196542394252000,1.31988
196543301265000,0.616554
196543942928000,0.600276
196544625745000,1.16562
196545251479000,1.14476
196545842086000,0.57457
196546448762000,1.16023
196547055179000,0.5889
196547651840000,0.599538
196548273873000,0.597537
196548884232000,0.602437
196549521032000,0.595851
196550127511000,0.599473
196550753940000,0.589874
196551346021000,0.589769
196551961797000,0.585307
196552553127000,0.589481
196553164696000,0.580023
196553781016000,0.573125
196554423595000,0.563329
196554999268000,0.56935
196555595061000,0.567697
196556166896000,0.573522
196556778063000,0.563106
196557360680000,0.566778
196557991517000,0.552325
196558552301000,1.12097
196559178779000,0.560647
196559725214000,0.57548
196560311620000,0.56696
196560898789000,0.566903
196561524089000,0.565095
196562090343000,0.577744
196562682279000,0.572318
196563268208000,1.14845
196563896116000,0.566149
196564471795000,0.57136
196565092501000,0.567545
196565669194000,0.575566
196566265560000,0.577367
196566846899000,0.587185
196567454149000,0.588973
196568054782000,0.59301
196568671029000,0.588364
196569287538000,1.17455
196569908884000,0.583497
196570511170000,0.585262
196571121880000,0.585403
196571723357000,0.585503
196572329801000,0.581466
196572946319000,0.579383
196573548485000,0.578358
196574144414000,0.583389
196574744985000,1.16538
196575346437000,0.585552
196575968401000,0.581449
196576570499000,0.58418
196577181963000,0.580269
196577777661000,0.584354
196578388759000,0.585464
196578980155000,0.589348
196579592106000,1.17656
196580209063000,0.595401
196580859992000,0.599394
196581466362000,0.605352
196582102790000,0.598722
196582719359000,1.21502
196583346611000,0.602473
196583937338000,0.605512
196584588765000,0.592129
196585199930000,0.594909
196585836469000,0.591878
196586443953000,0.596657
196587064862000,0.594932
196587685168000,0.596295
196588312481000,0.591085
196588934172000,1.18569
196589561545000,0.58888
196590176822000,1.18597
196590803003000,0.589423
196591404695000,0.593075
196592031298000,0.591027
196592643558000,0.601
196593279332000,0.602091
196593885040000,0.606297
196594537345000,0.600698
196595163753000,0.615824
196595786160000,0.613816
196596366791000,1.23545
196597057424000,0.603604
196597679685000,0.608027
196598326371000,0.600368
196598958609000,1.19677
196599604465000,0.592058
196600225437000,0.599533
196600852066000,0.600523
196601463571000,0.603186
196602120394000,0.602334
196602742431000,0.608557
196603387673000,0.610738
196604034653000,0.612558
196604690858000,0.607978
196605327431000,0.612542
196605979527000,0.609676
196606610544000,0.608876
196607262225000,0.599595
196607903528000,0.598662
196608535291000,0.592881
196609156836000,0.595692
196609792976000,0.590143
196610399546000,0.596769
196611025998000,0.593803
196611632477000,0.594848
196612264230000,0.590166
196612880039000,0.595781
196613526762000,0.599684
196614138181000,0.608896
196614764429000,0.604169
196615381737000,0.603033
196616022658000,0.594007
196616639236000,0.600514
196617270824000,0.6003
196617877251000,0.607901
196618524470000,0.600226
196619149741000,0.599482
196619796546000,0.591413
196620423100000,0.594939
196621044458000,0.591943
196621657392000,0.592672
196622282696000,0.593728
196622898472000,0.596055
196623520253000,0.593806
196624151321000,0.592931
196624804495000,0.591787
196625419839000,0.594912
196626051102000,0.591383
196626652792000,0.59685
196627259207000,0.592724
196627866410000,0.599932
196628492783000,1.1827
196629073345000,0.592452
196629705066000,0.582538
196630306401000,1.16491
196630917469000,0.58055
196631519735000,0.583244
196632125586000,0.583356
196632721824000,0.585531
196633338447000,0.580527
196633944868000,0.580406
196634552151000,0.578349
196635142889000,0.585204
196635738676000,0.58852
196636335320000,1.18453
196636957028000,0.585246
196637574899000,0.580011
196638190447000,1.1549
196638786176000,0.581654
196639377186000,0.583658
196639979253000,0.586293
196640591704000,0.584177
196641197711000,0.584288
196641813349000,0.578551
196642424845000,0.580442
196643021387000,0.578403
196643617698000,0.585238
196644229211000,0.582263
196644820484000,0.588176
196645442133000,0.585447
196646033382000,1.18228
196646655039000,0.590059
196647252330000,1.17785
196647863014000,0.585269
196648473934000,0.580724
196649080529000,0.580574
196649691923000,0.573456
196650299434000,0.57424
196650905226000,1.14856
196651511198000,0.57955
196652117846000,0.584424
196652728951000,0.584359
196653320714000,0.590979
196653932829000,0.588983
196654523385000,0.595776
196655134672000,0.591176
196655731352000,0.592984
196656347384000,0.588222
196656944729000,1.18017
196657550801000,0.588244
196658156466000,1.17714
196658778500000,0.586392
196659384941000,0.589119
196659997262000,0.589014
196660597961000,0.591081
196661218880000,0.587626
196661830658000,0.589361
196662441976000,0.586183
196663049722000,1.17199
196663665657000,0.581327
196664270653000,0.582615
196664867507000,0.581415
196665469182000,1.16462
196666667853000,0.58696
196667263482000,1.1762
196667869666000,0.590289
196668501361000,0.582447
196669122907000,0.583274
196669735145000,0.582232
196670335975000,0.590014
196670941687000,0.590355
196671538441000,0.592073
196672169733000,0.588253
196672782270000,0.5831
196673402968000,0.582307
196674018996000,1.18778
196674645694000,0.59993
196675247140000,1.21312
196675894690000,0.590544
196676490534000,0.587691
196677111467000,1.17017
196677703054000,0.598289
196678299419000,0.599213
196678905430000,0.59824
196679537921000,0.588099
196680138785000,1.17864
196680774696000,0.584732
196681386682000,0.586321
196681993800000,0.586081
196682595663000,0.592631
196683205892000,0.591918
196683822278000,0.593142
196684453808000,0.587316
196685065555000,0.590014
196685682820000,0.587056
196686293474000,0.590092
196686924316000,0.588381
196687526309000,0.596731
196688142746000,0.59662
196688754478000,0.595684
196689390734000,0.589164
196690011553000,0.583627
196690638572000,0.580536
196691254750000,0.579478
196691877362000,0.584138
196692473356000,0.59004
196693078980000,0.592111
196693685493000,0.597782
196694297149000,0.595663
196694898347000,0.606537
196695525667000,0.601694
196696116435000,0.60183
196696772744000,0.589127
196697384408000,0.585095
196698607920000,0.584242
196699208818000,0.582384
196699814550000,0.584765
196700421401000,0.581526
196701017909000,0.586148
196701625944000,0.583006
196702226188000,0.587067
196702841677000,0.584551
196703438672000,0.588353
196704049751000,0.584364
196704661984000,1.16437
196705278410000,0.57746
196705884047000,0.577598
196706480251000,0.576799
196707082177000,0.578464
196707678525000,0.578447
196708280723000,0.585049
196708881136000,0.586247
196709487415000,0.59317
196710109185000,0.592054
196710715662000,0.593823
196711342932000,0.591007
196711958774000,0.586226
196712589210000,0.588534
196713201468000,0.603566
196713812878000,0.606591
196714425647000,0.591344
196715111290000,1.23581
196715722035000,0.622514
196719125028000,0.657531
196720051912000,0.624969
196720659902000,0.655352
196721406292000,0.642347
196722071860000,0.660197
196722839002000,0.635911
196723480687000,0.633899
196724263092000,0.603955
196724919058000,0.594861
196783721872000,1.18797
196785696823000,1.24317
196787460454000,0.637125
196917274283000,0.634823
196918000951000,0.601008
196918693024000,0.58115
196989537946000,0.579275
196990135329000,1.20554
196990716093000,1.13885
196999526167000,0.552307
197006282891000,0.549228
197006733504000,0.591643
197010691817000,0.617624
197011378889000,0.600391
197012020221000,0.585373
197012662699000,0.588573
197013273442000,0.599468
197016876449000,0.61452
197017538161000,1.21956
197018219664000,0.605231
197018867314000,0.601241
197019513152000,0.594638
197020144073000,0.595672
197020745705000,0.59381
197021332018000,0.596586
197021958702000,0.585137
197022565714000,1.17016
197023196286000,0.58151
197023792371000,1.1731
197024404052000,0.58826
197025000801000,0.593931
197025607723000,0.588807
197026233525000,0.581021
197026859822000,0.571754
197027456251000,1.14329
197028037728000,0.573541
197028619870000,0.575417
197029210659000,0.574541
197029801531000,0.577567
197030388087000,0.578592
197030974481000,0.583395
197031576049000,0.581407
197032177837000,0.582332
197032783686000,0.578483
197033385129000,0.581584
197033981566000,0.580422
197034577724000,0.584223
197035185268000,0.581241
197035780860000,1.17245
197036386321000,0.585625
197036988495000,0.598229
197037609921000,0.600977
197038222297000,0.624355
197038883010000,0.621725
197039498907000,0.640459
197040210897000,0.625125
197040852452000,0.625052
197043768950000,0.601547
197046561160000,0.612607
197047202434000,0.616131
197047799790000,0.633411
197048485492000,0.612227
197049121184000,0.6003
197049778399000,0.587338
197050379682000,0.598117
197050987173000,0.597998
197051588081000,0.596144
197052228627000,1.16937
197052830450000,0.587404
197053446898000,0.585301
197054049297000,0.587049
197054670384000,1.16849
197055271011000,0.588282
197055877426000,0.585348
197056483750000,0.587262
197057100446000,0.584316
197057701983000,0.59198
197058313317000,0.593841
197058919541000,0.588835
197059556360000,0.607415
197060182545000,0.607648
197062492968000,0.615982
197063229984000,1.18967
197063857255000,0.601085
197064487770000,0.600208
197065103649000,0.607856
197065755828000,0.598078
197066366892000,0.601947
197067014787000,0.592702
197067614876000,0.599533
197068231117000,0.600725
197068842806000,0.618904
197069479096000,1.23751
197070116838000,0.626833
197070822823000,0.611243
197071458417000,1.26748
197075152205000,0.618904
197075769207000,0.618707
197076516801000,0.593735
197077112521000,1.24117
197077728545000,0.61532
197078359924000,0.610106
197080064680000,0.592362
197081522429000,0.592608
197082128800000,0.589391
197082770228000,0.574416
197083392291000,0.578858
197083973101000,1.1659
197084544364000,0.58936
197085180909000,0.578436
197085792372000,0.575314
197086394912000,1.1466
197086970612000,0.581262
197087560929000,0.579584
197088152870000,0.579448
197088779342000,0.570433
197089361492000,0.571265
197089962782000,0.568375
197090538221000,0.560889
197091124636000,0.554047
197091706180000,0.580749
197092237251000,1.19512
197094823390000,0.607622
197095574999000,0.58143
197096182163000,0.574348
197096773023000,0.572509
197097364178000,0.572759
197097940560000,0.573587
197098506962000,1.15472
197099084551000,0.581012
197099649903000,0.56245
197100250795000,0.568453
197100867420000,0.575204
197102822497000,0.600125
197103458328000,0.586419
197104105126000,0.570453
197104716486000,0.565518
197105293877000,0.564256
197105864948000,0.566362
197106445525000,0.566479
197107011743000,0.571744
197107588216000,0.570564
197108169346000,0.572367
197108761669000,0.570387
197109342368000,0.572587
197109932513000,0.566682
197110519837000,0.564585
197111116389000,0.551747
197111682730000,0.554736
197112294609000,0.55655
197112830444000,1.13518
197113406849000,0.569756
197113983097000,0.569672
197114559492000,0.573488
197115146742000,0.575365
197115727534000,0.57943
197116313212000,0.582689
197116895031000,0.581504
197117486296000,0.581311
197118093802000,0.576299
197118674773000,0.582141
197119260078000,0.579392
197119821724000,1.16892
197120418014000,0.578572
197120989485000,1.17031
197121581854000,0.581111
197122157775000,0.581177
197122763142000,0.573887
197123354949000,0.575614
197123946185000,1.14697
197124523736000,0.5647
197125124443000,0.561038
197125725215000,1.09676
197126296843000,0.560345
197126903373000,1.10385
197127459633000,0.569537
197128062075000,0.568489
197128612500000,0.578403
197129203352000,0.573849
197129795172000,0.569661
197130371305000,0.569589
197130948885000,0.566271
197131519623000,0.566402
197132105497000,0.563491
197132676850000,0.568652
197133248236000,0.569548
197133829468000,0.572429
197134421616000,0.569389
197135012419000,1.13492
197135597944000,1.12974
197136179902000,0.566601
197136746234000,0.568533
197137318670000,1.14077
197137899355000,0.568514
197138480267000,0.569606
197139061792000,0.56775
197139638122000,0.569616
197140219478000,0.568421
197140796914000,0.568314
197141377610000,0.561141
197141962986000,0.562378
197142569928000,0.55792
197143115890000,0.560179
197143718318000,0.560043
197144278724000,0.569409
197144835386000,0.576535
197145406399000,0.582642
197145977919000,0.578324
197146554112000,0.58108
197147151514000,0.573175
197147707024000,0.55331
197148292773000,0.548044
197148899856000,0.545142
197149431051000,0.56933
197150012337000,0.571339
197150579303000,0.576429
197151165147000,0.576485
197151746497000,0.575726
197152322858000,0.582348
197152908999000,1.15423
197153481595000,0.57598
197154097352000,0.565418
197154667711000,0.567753
197155259724000,0.565628
197155825956000,0.570527
197156408080000,0.568315
197156984602000,0.57037
197157570061000,1.13511
197158156233000,0.567733
197158737891000,0.566651
197159324186000,0.569515
197159901101000,0.571418
197160482298000,0.573523
197161068063000,0.572631
197161659500000,0.573756
197162246037000,0.573581
197162837344000,1.14718
197163429539000,0.569421
197164020176000,0.569574
197164606441000,0.571709
197165182977000,1.15519
197165769412000,0.575394
197166366677000,0.573239
197166967389000,0.569477
197167548146000,0.57359
197168134593000,0.576546
197168716133000,0.587837
197169302570000,0.589866
197169904130000,0.599342
197170555191000,0.586459
197171171766000,0.580389
197171823546000,0.565544
197172414733000,0.565555
197172991419000,0.565451
197173567592000,0.568625
197174138766000,0.570864
197174719967000,0.572745
197175306915000,0.571507
197175894227000,0.573289
197176479785000,0.573443
197177065608000,0.575573
197177657087000,0.572701
197178248365000,0.575537
197178839783000,0.573418
197179421877000,0.576346
197180022770000,0.575538
197180608687000,1.15769
197181200411000,0.574563
197181796975000,0.575364
197182394292000,0.574267
197182969912000,0.578494
197183565672000,0.573551
197184162432000,0.574635
197184758860000,0.573504
197185334957000,0.576623
197185932124000,1.14274
197186522829000,0.570466
197187114400000,1.13725
197187690693000,0.572688
197188276768000,0.572595
197188858765000,1.15279
197189450299000,0.575428
197190035879000,0.577778
197190632282000,0.572646
197191223916000,1.14302
197191821339000,1.13269
197192402005000,0.567449
197192987964000,0.563436
197193559387000,0.566535
197194165828000,0.549844
197194732202000,0.55362
197195369322000,0.554512
197195900160000,0.569473
197196475857000,0.570796
197197062664000,0.572554
197197628987000,0.577494
197198206258000,1.1605
197198792231000,0.576339
197199372941000,0.578444
197199964240000,0.576666
197200530553000,1.16494
197201122142000,0.575237
197201699283000,0.565675
197202299997000,0.561167
197202885756000,0.551544
197203447387000,0.560473
197204053751000,0.553253
197204610813000,1.13778
197205207277000,0.56692
197205772898000,1.14699
197206364308000,0.574575
197206945650000,0.574456
197207512073000,0.57638
197208104129000,0.570435
197208674849000,0.571547
197209265824000,0.567833
197209842576000,0.569664
197210433879000,0.565475
197211011434000,0.567297
197211597297000,1.12862
197212172902000,0.567534
197212749391000,0.566708
197213330491000,0.56863
197213912227000,0.56847
197214489659000,0.570304
197215070204000,1.13899
197215655857000,0.568822
197216247427000,1.13141
197216823966000,0.565556
197217401335000,0.564317
197217977343000,0.563289
197218553121000,0.561405
197219124370000,0.56468
197219695390000,0.56135
197220261798000,0.564225
197220874682000,0.564025
197221430063000,0.568476
197222010766000,0.570507
197222592516000,0.575387
197223158733000,0.577397
197223734721000,0.582239
197224327128000,0.574128
197224882908000,0.572167
197225473996000,0.565831
197226045616000,0.558021
197226611960000,0.559844
197227214279000,0.546959
197227780047000,0.55911
197228380716000,0.553254
197228937250000,0.569275
197229543478000,0.566257
197230115134000,0.572511
197230697252000,0.568388
197231272866000,0.568514
197231849062000,0.569729
197232425633000,0.568573
197232996919000,0.570442
197233589314000,0.567284
197234159931000,0.567407
197234745651000,0.562589
197235327363000,0.564613
197235898688000,0.568467
197236470255000,0.577329
197237047035000,0.581241
197237642680000,0.590004
197238253963000,1.19324
197238845224000,0.587854
197239542263000,0.578151
197240214317000,0.552023
197240820351000,0.55889
197241436460000,0.549016
197241997815000,0.564716
197242614518000,0.568322
197243186900000,0.583046
197243771751000,0.605199
197244378090000,0.608341
197244969631000,0.609196
197245656717000,0.587988
197246289164000,0.581232
197246899873000,0.577488
197247490741000,0.592589
197248092350000,0.604067
197248678681000,0.60735
197249360530000,0.56622
197250878297000,0.549216
197253084805000,0.542019
197253605333000,0.554081
197254145763000,0.566602
197254707654000,0.577006
197255244015000,0.590019
197255871761000,0.589737
197256492288000,0.61746
197257103410000,0.630647
197262125168000,1.30237
197262897629000,0.62563
197263553483000,0.633872
197264270176000,0.617262
197264901422000,0.623525
197265629691000,0.611161
197266265305000,0.591917
197266911117000,0.559732
197267552980000,0.562878
197270188432000,0.577664
197271767842000,0.598426
197272425101000,1.2481
197284547777000,0.620906
197286066112000,0.631231
197286903433000,0.602165
197287499342000,0.59903
