192685286260000,0.362787
192760000011000,0.35106
192760636614000,0.357575
192761272871000,0.359412
192761909656000,0.360722
192762505967000,0.363638
192768569565000,0.377141
192769256065000,0.370941
192769927826000,0.36574
192770569451000,0.340713
192771190415000,0.659441
192771906999000,0.644781
192774007367000,0.321608
192778952938000,0.322213
192779349048000,0.342333
192779821172000,0.357009
192782792043000,0.362278
192783423630000,0.362982
192784064852000,0.377796
192784676070000,0.381498
192785332636000,0.388119
192785989089000,0.77629
192786631249000,0.393267
192787522286000,0.763059
192793671774000,0.380415
192794458351000,0.371752
192795100063000,0.375601
192795812499000,0.3732
192796488341000,1.13278
192797134190000,0.379335
192805659824000,0.382021
192806380155000,0.372368
192807047094000,0.732648
192807778817000,0.360628
192809177139000,0.359187
192809843090000,0.356119
192812014227000,0.362191
192821586216000,0.371425
192891404137000,0.372446
192899517903000,0.370243
192900139402000,0.744551
192901543547000,0.372622
192902259496000,0.377777
192902915290000,0.751297
192905586782000,0.376784
192906232759000,0.374698
192906909670000,0.375247
192908749265000,0.366182
192909379744000,0.735802
192910011821000,0.367799
192911340903000,0.365975
192912016591000,0.362882
192914337694000,0.36108
192915008881000,0.360078
192915634542000,0.362083
192916236072000,1.09949
192916882366000,0.370919
192924500713000,0.374689
192925131139000,0.375151
192925818018000,0.374111
192926484496000,0.362909
192927162021000,0.361453
192928648984000,0.356192
192991152031000,0.703377
193003971577000,0.347303
193049158929000,0.350371
193165071930000,1.03846
193170213705000,0.356181
193265088947000,0.365129
193819226744000,0.37134
193833063785000,0.377664
193833669812000,0.75448
193834361370000,0.729795
193835058044000,0.363254
193835705306000,0.364997
193836351501000,0.736217
193836962186000,0.737806
193876403172000,0.37152
193877074733000,0.363164
193877751708000,0.354372
193878422767000,0.346695
193879044159000,0.345717
193879685842000,0.686814
193880268058000,0.689615
193880833857000,0.692735
193881389726000,0.346786
193881971164000,0.35469
193882552092000,0.357892
193883153882000,0.719946
193884637123000,1.08079
193885198634000,0.71368
193885975005000,0.671
193886633113000,0.680272
193887248784000,0.692144
193887844466000,0.702782
193888395888000,0.716611
193888826785000,0.743866
193889553564000,0.358544
193890280865000,0.350931
193890961610000,0.345947
193891597948000,1.01451
193892204519000,0.332736
193892751121000,0.337579
193893353398000,0.337212
193893948728000,0.334905
193894459394000,0.340555
193894966016000,0.688634
193895567248000,0.682403
193896158883000,0.339066
193896710925000,0.339091
193897296278000,0.673292
193897857444000,1.00755
193898428949000,1.00645
193899010277000,1.00429
193899582689000,0.335395
193900153375000,0.336231
193900713952000,0.678328
193901280436000,0.68041
193901846841000,0.681977
193902418029000,0.679765
193903000324000,0.679065
193903591015000,0.337359
193904176654000,0.336274
193904753406000,0.669431
193905314937000,0.334374
193905897478000,0.334997
193906453063000,0.338558
193907018695000,0.339293
193907574601000,0.341909
193908126447000,0.342272
193908692765000,0.340368
193909285028000,0.338298
193909855562000,0.676837
193910436312000,0.34104
193911007905000,0.34427
193911563913000,0.348696
193912140438000,0.348656
193912702624000,0.698836
193913298196000,0.345554
193913884440000,0.343756
193914481025000,0.682714
193915062072000,0.34103
193915649391000,0.340217
193916225291000,0.340697
193916806039000,0.341363
193917397466000,0.340617
193917974016000,0.341329
193918555058000,0.681977
193919132556000,0.34099
193919727751000,0.678393
193920304227000,0.679013
193920890585000,0.677636
193921467167000,0.339876
193922044688000,0.340175
193922620055000,1.02635
193923190554000,0.342129
193923772309000,0.341709
193924353449000,0.339902
193924940027000,0.338784
193925532163000,0.670999
193926112826000,0.668855
193926693752000,0.333658
193927255332000,0.334382
193927836649000,0.335797
193928383968000,0.339696
193928949829000,0.681106
193929515335000,0.681908
193930081918000,0.680985
193930648155000,0.338706
193931234344000,0.337332
193931816603000,0.33772
193932387372000,0.341817
193932962858000,0.685882
193933534881000,0.685777
193934120972000,0.68206
193934678567000,0.339776
193935274468000,0.336601
193935855029000,0.335153
193936416329000,0.335852
193936982790000,0.336976
193937543627000,0.338455
193938121398000,0.338709
193938691891000,0.339485
193939257631000,0.340251
193939839300000,0.340245
193940415419000,0.679786
193941583800000,0.339262
193942154612000,0.339233
193942735853000,0.337327
193943312374000,0.337326
193943893626000,0.335487
193944466231000,0.335374
193945046667000,0.336547
193945602259000,0.680225
193946178896000,0.340757
193946735475000,0.344858
193947301540000,0.689717
193947878593000,0.688228
193948464406000,0.683311
193949029677000,0.340917
193949622135000,0.340875
193950198237000,1.02602
193950775150000,1.0342
193951351270000,0.69036
193951911484000,0.34521
193952493307000,1.0268
193953059988000,0.341914
193953656145000,0.339904
193954238171000,0.680562
193954808929000,0.685543
193955384678000,0.344238
193955961424000,0.693281
193956552813000,0.349395
193957130054000,0.350796
193957741091000,0.350157
193958336682000,0.34822
193958993364000,0.347544
193959634742000,0.344063
193960236182000,0.345384
193960833282000,0.345412
193961393959000,0.349439
193961990237000,0.348326
193962556346000,0.350221
193963152777000,0.346662
193963735153000,0.345136
193964330860000,0.342413
193964911446000,0.341327
193965508296000,0.679154
193966089758000,0.339188
193966666144000,0.339518
193967247748000,0.338847
193967823309000,0.338498
193968405083000,0.337678
193968976363000,0.676202
193969562407000,0.3374
193970139838000,0.338405
193970710525000,1.01547
193971280944000,0.339227
193971847936000,0.679084
193972419225000,0.681147
193973000588000,0.340248
193973577607000,0.682023
193974153101000,1.02078
193974734428000,0.680485
193975320300000,0.338839
193975897121000,0.339153
193976489663000,0.675183
193977060050000,0.677407
193977641125000,0.340749
193978212455000,0.341174
193978803802000,0.680891
193979947086000,1.02162
193980512900000,0.338666
193981103577000,0.677333
193981675390000,0.678002
193982246629000,0.341768
193982819255000,0.684903
193983374849000,0.687251
193983960526000,0.68151
193984521950000,0.340766
193985113159000,1.01072
193986256804000,1.00983
193986837564000,0.671778
193987408060000,0.335883
193987989669000,0.335145
193988556242000,0.336593
193989123477000,0.336168
193989689492000,0.672524
193990254938000,0.33591
193990826394000,0.673152
193991407547000,0.671055
193991974096000,0.3366
193992541375000,0.336146
193993102017000,0.67447
193993682615000,0.338641
193994249402000,0.67879
193994835619000,0.678788
193995969048000,0.681271
193996529568000,0.339509
193997110313000,1.0205
193997677157000,0.341233
193998248378000,0.343334
193998831201000,0.343253
193999386674000,0.34489
193999977260000,0.342014
194000548844000,0.340861
194001140032000,0.338841
194001711528000,0.676856
194002288594000,0.676896
194002864287000,0.675425
194003435029000,0.338078
194004022097000,0.338016
194004593048000,0.339494
194005180454000,0.676634
194005746255000,0.339931
194006317029000,0.677573
194006898121000,0.676051
194007484624000,0.336592
194008055795000,0.674686
194008633338000,0.673105
194009193810000,0.337751
194009759470000,0.336994
194010325955000,0.675402
194010907491000,0.336221
194011479095000,0.336185
194012070867000,0.336959
194012631548000,0.340834
194013212692000,0.341159
194013779167000,0.686839
194014345238000,0.343432
194014918034000,0.341464
194015508539000,0.341243
194016084115000,0.341254
194016665750000,0.68374
194017237040000,0.685354
194017788301000,0.344182
194018370460000,0.341701
194018931206000,0.679682
194019516646000,0.33845
194020093743000,0.337686
194020669995000,0.338042
194021247061000,0.338346
194021808068000,0.342026
194022383751000,0.343457
194022955353000,0.346959
194023541656000,0.700799
194024122905000,0.354661
194024730250000,0.354685
194025320878000,0.365646
194025936612000,0.751948
194026558569000,1.11976
194027200100000,1.1082
194027797865000,0.737177
194028403055000,0.356284
194029189473000,0.34456
194029800945000,0.343537
194030392460000,0.347165
194030989910000,0.703896
194031570413000,1.0919
194032151160000,1.4819
194032732936000,1.47862
194033374196000,1.11765
194034052031000,0.738695
194034802726000,0.362066
194036732267000,0.357817
194037309409000,0.3619
194037969974000,0.356354
194038585739000,0.355671
194039212526000,0.353026
194039809361000,0.355022
194040426530000,0.354652
194041022241000,0.358445
194041638049000,0.360476
194042249574000,0.365687
194042885936000,0.370693
194043507525000,0.372416
194044159702000,0.37364
194044810532000,0.373736
194049406297000,1.1297
194050113489000,0.374473
194050754475000,0.383066
194051430477000,0.768137
194052072668000,0.769525
194052774035000,0.754574
194053446312000,0.373505
194054192080000,0.72649
194054883602000,1.08246
194055530285000,0.715571
194056156868000,0.357102
194056783987000,0.35605
194057394587000,0.35928
194058045902000,0.358623
194058667511000,0.36198
194059304075000,0.362671
194059911115000,0.364812
194060562046000,0.361842
194061198096000,0.72365
194061849797000,0.359199
194062471156000,0.360549
194063108700000,0.717686
194063734344000,0.359184
194064370145000,0.358841
194064996969000,0.36018
194065643619000,0.358512
194066256086000,0.36238
194066881774000,0.362749
194067502402000,0.367378
194068149059000,0.368705
194068770790000,0.369799
194069442959000,0.73296
194070074039000,0.365764
194070759941000,0.359789
194071421453000,0.356858
194072043370000,0.354381
194072670708000,0.35375
194073286537000,0.352352
194073907128000,0.353363
194074524073000,0.70999
194075130122000,0.357796
194075748002000,0.357414
194076348520000,1.09051
194076974229000,0.363512
194077600774000,0.362151
194078252533000,0.364661
194078860023000,0.367071
194079530846000,0.364432
194080161632000,0.364785
194083379143000,0.368682
194084055800000,0.366798
194084692517000,0.370226
194085344840000,0.370253
194085965735000,0.369509
194086626337000,0.368603
194087273285000,0.367569
194087964960000,0.363832
194088622549000,0.362837
194098830055000,0.727108
194099481208000,0.360552
194100112960000,0.35808
194100739240000,0.356058
194101356705000,0.356981
194101977587000,0.365219
194102598392000,1.10766
194103209944000,0.373819
194103816448000,0.376798
194106953733000,0.373848
194107726637000,0.363534
194108392502000,1.08108
194109038054000,1.06695
194109684982000,1.065
194110321452000,0.354274
194110938770000,0.355602
194111564722000,0.354658
194112155469000,0.356789
194112777076000,0.354762
194113378216000,0.355835
194113994932000,0.355133
194114606924000,0.710091
194115232713000,0.355058
194115844141000,0.354713
194116460630000,0.709428
194117704156000,0.35374
194118319944000,0.35408
194118940961000,0.353029
194119552578000,0.354435
194120164125000,0.707447
194120776398000,0.356102
194121392116000,0.358407
194122002782000,0.732603
194122639836000,0.736035
194123246009000,0.744433
194123913654000,1.11765
194124549605000,1.09945
194125245296000,0.363491
194125887359000,0.362196
194126558873000,0.3639
194127206299000,0.370389
194128783908000,0.375582
194145622788000,0.749255
194146240337000,0.375321
194146941087000,0.344555
194147697364000,0.680559
194150077864000,0.33675
194152283228000,0.661309
194152915434000,1.02263
194153916517000,1.09765
194155801676000,1.45411
194162557333000,1.11431
194169517864000,0.756098
194171362213000,0.375447
194171979642000,0.377276
194173577089000,0.376192
194175157125000,0.369387
194180057062000,1.14489
194180913865000,0.373668
194181561199000,0.381109
194209980709000,0.386738
194211674776000,1.19855
194212546710000,0.777268
194213213252000,1.17556
194213996063000,1.15801
194214681852000,0.383424
194215408400000,0.375955
194216085038000,0.372359
194217483590000,0.369419
194218144415000,0.731431
194218791307000,0.723079
194219452732000,0.711153
194220085064000,0.350818
194220736116000,0.688825
194221361830000,0.681953
194221968468000,0.339859
194222555148000,0.339821
194223136136000,0.681925
194223723232000,0.341352
194224304237000,0.342047
194224900066000,0.343464
194225491168000,0.344239
194226087951000,0.34936
194226685427000,0.351901
194227270948000,0.719943
194227886769000,0.364335
194228463467000,0.36624
194229109833000,0.360972
194229722839000,0.357
194230438398000,0.349579
194237208684000,0.343404
194237819921000,0.342021
194238416106000,0.341347
194238982515000,0.343863
194239574946000,0.687011
194240155496000,0.345311
194240751334000,0.344596
194241333131000,0.34494
194241939443000,0.342784
194242526905000,0.343774
194243132527000,0.684191
194243718384000,0.342794
194244309831000,0.341635
194244886171000,0.342767
194245487602000,0.682676
194246069658000,0.341358
194246665497000,0.339928
194247251152000,0.340674
194247838042000,0.339927
194248424355000,0.340282
194249001619000,0.340573
194249577469000,0.342109
194250158305000,0.684902
194250739697000,0.34383
194251321010000,0.344599
194251902426000,0.693435
194252494552000,0.34709
194253080135000,0.348528
194253670759000,0.363724
194254262754000,0.366653
194254879298000,0.730935
194255476667000,1.09767
194268245733000,0.748954
194269147265000,0.725754
194269773541000,0.361873
194270906034000,0.363398
194271493863000,0.368493
194272219453000,0.362302
194272875183000,0.364398
194273502219000,0.735614
194274113703000,0.369575
194274771064000,0.366622
194275391836000,0.366984
194276072553000,0.361444
194276734758000,0.711096
194277360844000,0.699581
194277993243000,0.689608
194278634369000,0.338975
194279250007000,0.335897
194279831815000,0.667288
194280393098000,0.334366
194280960270000,0.334677
194281521233000,0.336237
194282092155000,0.336959
194282643228000,0.340896
194283214536000,0.681826
194283785942000,0.687542
194284358159000,0.344806
194284918988000,0.348998
194285509707000,0.349999
194286076178000,0.354945
194286667654000,0.356332
194287254144000,0.362935
194287876193000,0.357238
194288496771000,0.352342
194289138249000,0.351705
194289759716000,0.348942
194291979370000,0.687654
194292561230000,0.344547
194293112468000,0.347583
194293718834000,0.351338
194294295602000,0.355504
194294891596000,0.716392
194295477764000,0.362038
194296064309000,0.364235
194296735499000,0.711519
194297368022000,0.700197
194297993629000,0.344567
194298620095000,0.684293
194299261516000,0.675397
194299842996000,0.67236
194300410493000,0.677743
194300961048000,0.339676
194301531667000,0.676532
194302098184000,0.337873
194302639552000,0.33902
194303215849000,0.673918
194303787154000,0.671132
194304353293000,0.335871
194304919783000,0.336231
194305486029000,0.336234
194306067334000,1.00653
194306629733000,1.01181
194307200103000,0.337416
194307771245000,0.338482
194308337523000,0.338431
194308908808000,0.678401
194309490270000,0.677643
194310067654000,0.339847
194310643268000,0.339842
194311213916000,0.340223
194311790615000,0.338294
194312371865000,0.337932
194312964561000,0.33722
194313545164000,0.336576
194314130919000,0.336982
194314687183000,0.340904
194315258493000,0.341646
194315834993000,0.344076
194316396631000,0.688099
194316962945000,0.688223
194317548786000,0.683197
194318120173000,0.340862
194318716577000,0.338466
194319292914000,0.338472
194319875130000,0.679712
194320455584000,0.339889
194321041983000,0.685255
194321628332000,0.686722
194322205036000,0.347252
194322807094000,0.694436
194323377949000,0.350551
194323968494000,0.350217
194324545006000,0.352675
194325141308000,0.698124
194325727831000,0.349753
194326324936000,0.348389
194326910623000,0.693917
194327521774000,0.349106
194328093214000,0.353096
194328689606000,0.352376
194329296916000,0.35088
194329882529000,0.349375
194330528407000,0.685096
194331150441000,1.03205
194341594412000,0.691387
194364327336000,0.697536
194375683602000,0.352467
194376229710000,0.358101
194402816431000,0.353952
194444623202000,0.701405
194445785874000,1.08311
194446397334000,1.46564
194448301935000,0.370365
194454360677000,0.377221
194507815396000,0.379346
194508521336000,0.36618
194509216973000,0.36315
194509894240000,0.715822
194516178750000,0.342461
194516779894000,0.343082
194517397760000,0.687946
194518043534000,0.973331
194534080504000,0.970617
194555992126000,1.33706
194556587447000,1.33329
194557188306000,0.982955
194559615038000,0.687382
194596345973000,0.348716
194606353932000,0.350278
194612173577000,0.365858
194612654005000,0.373686
194613239772000,0.393703
194613911337000,0.788783
194614562414000,0.401373
194616041511000,0.394003
194616652167000,0.402952
194619534599000,0.392163
194620250955000,0.790744
194620982804000,0.393641
194621725847000,0.393037
194622441546000,0.393899
194623152667000,0.395108
194623874334000,0.395109
194624596407000,0.389744
194625323737000,0.386311
194626094753000,0.388873
194626826421000,0.789023
194630906122000,0.3931
194631538425000,0.396875
194632204286000,0.399453
194633005908000,0.789532
194633782516000,0.38828
194634481284000,0.38907
194635181990000,0.389415
194635897409000,0.777801
194636594415000,0.391422
194637321368000,0.385466
194638028166000,0.377277
194638729406000,0.741153
194639415877000,1.08229
194640177846000,0.700026
194643636011000,0.681606
194645319765000,0.671096
194651459565000,1.0155
194652025019000,1.02937
194653494331000,1.06993
194654020996000,0.742588
194681855742000,0.780446
194686020316000,0.390206
194687608887000,1.19081
194688476118000,1.17295
194689944607000,0.785544
194691608459000,0.389899
194692244644000,1.17289
194692966843000,1.17018
194693668288000,0.389476
194695071603000,0.387735
194695803576000,0.384468
194696464920000,0.773456
194697146596000,0.388131
194697848163000,0.391214
194698544816000,0.393836
194699231711000,0.806672
194699918104000,0.397807
194700664588000,0.395089
194701416618000,0.393706
194702163633000,0.390785
194703030179000,0.387668
194708693446000,0.391627
194710147006000,0.397458
194710848605000,0.395061
194712251805000,0.398039
194713054084000,0.797533
194713735660000,0.802145
194714542194000,0.391709
194715234159000,0.796398
194715996029000,0.388764
194716742618000,0.375866
194717464061000,0.343054
194718135811000,0.3482
194720546576000,0.689611
194724470672000,0.704835
194725097524000,0.358031
194726911689000,0.399628
194727663448000,0.394262
194728420006000,0.775599
194729176662000,0.373594
194729868650000,0.368587
194730695406000,0.721286
194732329156000,0.360644
194733472035000,0.357524
194734043314000,1.1339
194735612139000,1.16863
194737145621000,1.18128
194738659327000,1.21045
194743285126000,1.23793
194744843377000,0.80022
194745630239000,0.786089
194746356986000,0.388559
194747845799000,0.383157
194748562506000,0.382262
194749254178000,0.382833
194749949983000,0.387262
194750602333000,0.396973
194751278996000,0.788293
194751970731000,0.782777
194752652079000,0.785739
194753413927000,0.389021
194754170724000,0.382218
194754862617000,0.385162
194755518984000,0.387157
194756250316000,0.384864
194756942096000,0.38454
194757643911000,0.383899
194758355726000,0.76376
194759036796000,0.771918
194759723799000,0.386504
194760410439000,0.386816
194761086839000,0.386503
194761793547000,0.38557
194762475510000,0.381199
194763176758000,0.38154
194763853313000,0.767919
194764529917000,0.385153
194765206586000,0.38667
194765892938000,0.775891
194766574902000,0.777199
194767287560000,0.779225
194767958201000,0.778633
194768664596000,0.38904
194769346037000,0.387453
194770074107000,0.776541
194770775078000,0.386282
194771466078000,0.386638
194772167900000,0.384406
194772844682000,0.773323
194773557002000,0.382277
194774277818000,0.381492
194774974589000,0.386314
194775646135000,0.777797
194777014740000,1.16356
194777675201000,0.778556
194778377675000,0.775229
194779079295000,0.760407
194779791614000,0.37747
194780472434000,0.750584
194781159106000,0.755728
194781840656000,0.378807
194782492064000,0.379849
194783169549000,0.381037
194783830443000,0.765318
194784511960000,0.37873
194785198736000,0.378436
194785866298000,0.379963
194786552294000,0.381151
194787228225000,0.380499
194787899708000,0.761739
194788561701000,0.756444
194789239429000,0.376074
194789915066000,0.372999
194790590718000,0.740809
194791252861000,0.734882
194791904477000,0.738044
194792577007000,0.368386
194793227584000,0.369036
194793888769000,0.739508
194794520545000,0.372727
194795182094000,0.371437
194795839473000,0.742232
194796500357000,0.740935
194797141754000,0.370798
194797813300000,0.369189
194798464729000,1.11675
194799117207000,1.11768
194799772943000,1.12152
194800439430000,0.374529
194801075734000,0.752344
194801752571000,0.747497
194802414722000,0.747395
194803075639000,0.740697
194803742576000,0.371607
194804414100000,0.740002
194805071351000,0.369701
194805737682000,0.36935
194806367973000,1.11525
194807025226000,1.10547
194807671590000,0.37379
194808324094000,0.375353
194808980042000,0.765616
194809651044000,0.390598
194810277631000,0.799908
194811019634000,0.792156
194811701807000,0.81872
194812398138000,0.826954
194813184471000,0.419076
194813961313000,0.424415
194818833193000,0.427015
194825548634000,0.840541
194826415696000,0.405229
194827072357000,0.388065
194827950099000,0.370304
194828645886000,0.367474
194829452894000,0.364929
194832790589000,0.369307
194836133647000,0.378709
194836720106000,0.390704
194837452524000,0.402026
194839020509000,0.397924
194839712096000,0.399862
194840469635000,0.395976
194841215873000,0.394742
194842017462000,0.769621
194842693968000,0.387562
194843405995000,0.386712
194844108266000,0.386949
194844823457000,0.77569
194845500770000,0.782482
194846187386000,0.39152
194846894993000,0.389921
194847601145000,0.391699
194848322105000,0.384068
194849034189000,0.751629
194849755708000,0.36788
194850483040000,0.726034
194851214106000,0.359568
194852141384000,0.36026
194853590495000,0.363602
194855273843000,0.370851
194871391784000,0.380755
194877094780000,1.16808
194881896466000,0.7859
194885039103000,0.396297
194885756261000,0.390425
194888723202000,0.775459
194890361526000,0.775114
194891800783000,0.378244
194892516870000,0.364269
194893990195000,0.36121
194894686606000,0.353515
194896661385000,0.344619
194900229786000,0.715832
194900756027000,1.10322
194902704961000,0.738342
194905932648000,0.74047
194908104132000,0.367656
194911141266000,0.357785
194911787065000,0.352979
194912408558000,0.351909
194913019874000,0.349842
194913636273000,0.34949
194914268896000,0.346752
194914859636000,0.694956
194915470529000,0.347124
194916067293000,0.348512
194916683550000,0.34817
194917276272000,0.350187
194917877026000,0.704687
194918472778000,0.353749
194919089407000,0.354085
194919685764000,0.726929
194920297198000,0.362353
194920919254000,0.359405
194921555201000,0.35603
194922166663000,0.355315
194922948296000,1.03801
194923554753000,0.694078
194924141841000,0.348448
194924717679000,0.350989
194925323984000,0.350246
194925920483000,0.350627
194926537225000,0.34885
194927144206000,0.348889
194927754906000,0.347843
194928350836000,0.348878
194928952662000,0.349565
194929549077000,0.353269
194930151666000,0.353275
194930747350000,0.355736
194931348024000,0.707778
194931969723000,0.334751
194932611062000,0.33044
194933223780000,0.33243
194933859809000,0.346259
194934465529000,0.70893
194934871113000,0.375985
194935442846000,0.377265
194936084323000,0.378729
194937057225000,0.370551
194937788308000,0.36604
194938394861000,0.726513
194938986291000,0.363342
194940505117000,0.360213
194941261651000,0.347669
194941903223000,0.34338
194942464394000,0.347152
194943041925000,0.35571
194943632530000,0.355002
194944183081000,0.353742
194944754928000,0.350877
194945381291000,0.332259
194946129256000,0.646075
194946729906000,0.642584
194947275494000,0.643975
194947822129000,0.962415
194948248367000,0.99704
194948809272000,0.336358
194949386750000,0.340161
194949952269000,0.687709
194950488079000,0.704703
194951029466000,0.355622
194951651331000,0.353098
194952287261000,0.349698
194952904699000,0.697988
194953565540000,0.345338
194954151979000,0.346021
194954738155000,0.691402
194955324949000,0.34639
194955922171000,0.347395
194956512708000,0.700989
194957108639000,0.350475
194957695447000,0.350838
194958281762000,0.3512
194958883852000,0.349401
194959510100000,0.349758
194960125748000,0.349391
194960732415000,0.352139
194961353909000,0.351037
194961940349000,0.708275
194962567411000,0.350739
194963153047000,0.353203
194963774636000,0.350002
194964351046000,0.706367
194964972432000,0.351522
194965549587000,0.353337
194966160404000,0.703179
194966746106000,1.06016
194967358082000,0.701227
194967969509000,0.350264
194968587244000,0.696859
194969187738000,0.698441
194969803273000,0.348155
194970400205000,0.698416
194971011639000,0.348128
194971603087000,0.697742
194972215202000,0.347482
194972810446000,0.348212
194973422297000,0.695553
194974018467000,0.697106
194974625365000,0.347425
194975222477000,0.695629
194975828239000,0.347467
194976433775000,0.351636
194977040878000,0.713434
194977632014000,0.358965
194978224577000,0.35306
194978810275000,1.04366
194979461236000,1.36516
194980148087000,1.00977
194980764563000,0.33809
194981291848000,0.688181
194981827735000,0.692537
194982378415000,0.694086
194982974806000,0.34667
194983616267000,0.34476
194984222563000,0.692188
194984784667000,0.348405
194985360467000,0.694434
194985956501000,0.346109
194986567915000,1.03626
194987199480000,0.34379
194987792261000,0.346661
194988362808000,0.70094
194988948639000,0.352662
194989544933000,0.353377
194990141720000,0.709474
194990772950000,0.352759
194991380023000,0.350886
194991995966000,1.04504
194992617326000,1.04622
194993243606000,0.69814
194994477066000,0.349068
194995068075000,0.350841
194995644058000,0.349623
194996256321000,0.345995
194996877607000,0.344333
194997479557000,0.343956
194998095501000,0.688044
194998666078000,1.04
194999228079000,0.701184
194999829247000,1.05696
195000430646000,0.707467
195001042498000,0.705317
195001623529000,0.705287
195002224991000,0.352299
195002841419000,0.703948
195003453130000,0.350573
195004034890000,0.35236
195004615708000,0.711495
195005217107000,0.71142
195005833598000,0.710106
195006429927000,1.0753
195007037451000,1.07308
195007668195000,1.0672
195008274107000,0.356053
195008871081000,0.357748
195009507243000,0.712272
195010114271000,0.356451
195010725564000,0.356181
195011346011000,0.357186
195011982903000,0.712272
195012614354000,0.356485
195013225872000,0.356489
195013833318000,0.35718
195014463736000,0.354015
195015084909000,0.351909
195015711568000,0.695294
195016333122000,0.345922
195016955446000,0.345598
195017545832000,0.346669
195018142328000,0.346968
195018718770000,0.350224
195019310244000,0.351997
195019932649000,0.704751
195020543397000,0.350505
195021144053000,0.349771
195021760647000,0.347653
195022382338000,1.05139
195023010366000,0.354864
195023595659000,0.717208
195024186377000,1.07935
195024752812000,0.360552
195025379472000,0.708327
195026061138000,0.695954
195026688016000,0.34735
195027289030000,0.349645
195027885422000,0.349241
195028451579000,0.354852
195029038245000,0.356622
195029640241000,0.358615
195030256041000,1.07971
195030836880000,1.46323
195031463795000,1.09138
195032070252000,0.727466
195032722751000,0.360158
195034445649000,0.357557
195035117453000,0.707473
195035739972000,0.358816
195036355617000,0.72361
195036961750000,0.362245
195037583184000,0.363285
195038194564000,0.363656
195069021994000,0.358713
195069678050000,0.35547
195070285128000,0.356887
195070916379000,0.355815
195071532911000,0.361272
195072164356000,0.363933
195072775579000,0.370089
195073407971000,0.366516
195074013480000,0.73937
195074685035000,0.368241
195075347030000,0.732321
195102640834000,1.08343
195108435341000,0.359864
195110624375000,0.352354
195111998742000,0.335828
195114945676000,0.66759
195115571362000,0.342026
195116132205000,0.71501
195808397182000,0.74131
195895653595000,0.394652
195917266923000,0.397571
195919287125000,0.376928
195920124310000,0.726922
195921662848000,0.35633
195922399683000,1.37645
195937091242000,1.01583
195938890979000,1.0332
195942616363000,0.69933
195943247407000,0.354251
195943797893000,0.360144
195945016033000,1.09381
195948740218000,0.365477
195949423234000,0.359537
195950669984000,0.353426
195951266592000,0.352098
195951858221000,0.706838
195952456321000,0.35377
195953061458000,0.352743
195953661895000,0.354388
195954259216000,0.355053
195954880631000,0.352637
195955483935000,0.352167
195956064700000,0.707411
195956684840000,0.704778
195957286624000,0.707417
195957868128000,0.7123
195958464605000,0.356157
195959072223000,0.356161
195959682446000,0.357538
195960324161000,0.355799
195960960690000,0.353001
195961567245000,0.350841
195962184851000,0.699587
195962820403000,0.347831
195963436556000,0.347111
195964028158000,0.348179
195964615055000,0.699219
195965217444000,0.349312
195965823234000,0.34822
195966423977000,0.346394
195967035812000,0.689919
195967637409000,0.688538
195968235587000,0.344493
195968830993000,0.69071
195969411695000,0.695674
195970003123000,0.349547
195970594816000,0.698438
195971196350000,0.695533
195971799099000,0.347078
195972409590000,0.345699
195973024894000,0.343986
195973617093000,0.687189
195974198498000,0.344322
195974791381000,0.345267
195975386996000,0.346739
195975977861000,0.347803
195976564578000,0.698491
195977151151000,0.349636
195977757790000,0.348543
195978374728000,0.695784
195978975368000,0.347897
195979576970000,0.347469
195980174035000,0.347119
195980770204000,0.693544
195981377606000,0.692239
195981983384000,0.345042
195982588934000,0.344674
195983186049000,0.689344
195983777480000,0.345032
195984380582000,0.345962
195984976144000,0.347143
195985571527000,0.696457
195986173562000,0.697078
195986770051000,0.350951
195987376591000,0.34988
195987978873000,1.0475
195988579620000,0.69767
195989170976000,0.350192
195989792446000,0.348536
195990384061000,0.699805
195990966175000,0.352707
195991557110000,0.353045
195992163048000,0.35271
195992755046000,0.357554
195993350944000,0.363886
195993973982000,0.36606
195994579676000,0.73991
195995190680000,0.739247
196002995489000,0.728855
196003693004000,0.359243
196004349053000,0.358928
196005004982000,0.357339
196005606724000,0.359435
196006203387000,0.725152
196006830915000,0.727202
196007496784000,0.361975
196008132703000,0.723944
196008749685000,0.361273
196009376178000,0.358875
196010008822000,0.357201
196010634650000,0.711713
196011260609000,0.354128
196011877285000,0.35168
196012473792000,0.350268
196013081584000,0.348782
196013697634000,0.347139
196014313061000,0.345774
196014914937000,0.346092
196015511640000,0.692193
196016112952000,0.346447
196016710313000,0.347493
196017305998000,0.348906
196017907307000,0.699824
196018499062000,0.351343
196019100378000,0.350987
196019707757000,0.70064
196020318736000,0.350316
196020934487000,0.350995
196021546359000,0.703327
196022142806000,0.70687
196022735710000,0.354767
196023346510000,0.710385
196023967166000,0.354858
196024588921000,0.709666
196025210560000,0.708316
196025827226000,0.353068
196026444242000,0.353078
196027065096000,0.354091
196027686487000,0.355079
196028308461000,0.356419
196028909737000,0.35891
196029516852000,0.720621
196030132768000,0.357777
196030749086000,0.354536
196031365581000,0.354586
196031987389000,0.35426
196032614933000,0.70518
196033200516000,0.705193
196033780888000,0.706753
196034398147000,0.352344
196035020004000,0.351325
196035622507000,0.350906
196036203108000,0.352083
196036794114000,0.706186
196037395857000,0.352718
196037997430000,0.350969
196038593813000,0.701227
196039196129000,1.04977
196039801680000,0.698544
196040412954000,0.348515
196041009832000,0.348529
196041616207000,0.347106
196042223616000,0.692102
196042839545000,0.344631
196043444912000,0.344688
196044041997000,0.691387
196044628676000,0.348134
196045221175000,0.349834
196045811685000,0.350693
196046412860000,0.700615
196047019494000,0.349948
196047635945000,0.349616
196048252419000,0.350299
196048849732000,0.353339
196049440555000,0.356098
196050041959000,0.355714
196050653506000,0.351891
196051270132000,0.355525
196051912613000,0.354115
196052548289000,0.352182
196053149559000,0.705104
196054935085000,0.713649
196055610658000,0.705528
196056226750000,0.704126
196056833784000,0.352744
196057430124000,0.353121
196058037849000,0.352686
196058643635000,0.353115
196059234490000,0.70892
196059836276000,0.710923
196060432793000,0.713687
196061024216000,0.356127
196061631445000,0.707307
196062247059000,0.351235
196062863661000,0.351161
196063475196000,0.706176
196064056615000,0.709681
196064629269000,0.718508
196065214927000,0.363826
196065835471000,0.726389
196066487624000,0.359834
196071565259000,0.357965
196072206479000,0.358251
196072858225000,0.713382
196073469794000,0.35376
196074062652000,0.353271
196074643338000,0.354437
196075274053000,0.351528
196075901121000,0.35051
196076472495000,0.352703
196077058485000,0.352726
196077660812000,0.352759
196078256768000,0.353756
196078858080000,0.705379
196079454606000,0.701077
196080036002000,0.351248
196080633658000,0.351584
196081244053000,0.351281
196081834936000,0.351609
196082396852000,1.06233
196082998406000,0.354479
196083611109000,0.353722
196084212057000,0.706911
196084802699000,1.06039
196085404089000,0.352407
196086000821000,0.352408
196086597482000,0.354727
196087199462000,0.357377
196087800262000,0.361024
196088391656000,0.365775
196088998073000,0.36953
196095860054000,0.369509
196096507807000,0.36884
196097153598000,0.366842
196097804439000,0.728422
196098456380000,0.362295
196099087917000,0.361958
196099725475000,0.361938
196100361397000,0.361928
196100987363000,0.362296
196101629322000,0.361935
196102265742000,0.362297
196102908107000,0.362963
196103543877000,1.08996
196104180217000,0.725861
196104816782000,0.363295
196105458698000,0.364238
196106101287000,0.364873
196106732251000,0.36618
196107352868000,0.730948
196107989892000,0.726691
196108641471000,0.360322
196109304248000,0.355895
196109960146000,0.350117
196110575938000,0.697474
196111187738000,0.350982
196111804187000,0.351649
196112411611000,0.702513
196112987943000,0.709145
196113588611000,0.357386
196114240276000,0.355812
196119678813000,0.710856
196120279683000,0.714419
196120891580000,0.35614
196121523081000,0.709641
196122135857000,0.711477
196122736584000,0.35717
196123347362000,0.357836
196123944017000,0.719858
196124560660000,0.360602
196125187197000,0.359558
196125814380000,0.716451
196126439890000,0.358902
196127081822000,0.358894
196127713269000,0.7178
196128334549000,1.08734
196128951959000,0.365701
196129592724000,0.369563
196130219476000,0.374287
196130850928000,0.376063
196137121452000,0.373735
196137778059000,0.372063
196138455439000,0.368927
196139156284000,0.364951
196139807864000,1.08986
196140444621000,0.364604
196141076186000,0.362863
196141708334000,0.362862
196142339084000,0.363205
196142950619000,0.362481
196143587590000,0.717462
196144203812000,1.0763
196144850989000,0.355766
196145502065000,0.352374
196146123276000,0.351317
196146729880000,0.350289
196147356600000,1.39132
196147964104000,1.04034
196148564483000,1.0383
196149175341000,0.3454
196149772518000,0.346073
196150358921000,0.693617
196150951462000,0.690457
196151542319000,0.344589
196152138023000,0.344614
196152744813000,0.344918
196153346608000,0.345223
196153917813000,0.694202
196154499707000,0.348933
196155100826000,0.349966
196155707127000,0.349213
196156308298000,0.697844
196156905006000,0.349603
196157512511000,0.349944
196158128406000,0.349276
196158723947000,0.348904
196159320945000,0.348504
196159922368000,0.347841
196160534848000,0.34708
196161141098000,0.69569
196161736557000,0.697124
196162327962000,0.697063
196162919906000,0.348148
196163521251000,0.694941
196164133631000,0.346093
196164739196000,0.345744
196165340278000,0.346073
196165936910000,0.694286
196166528703000,0.347831
196167126247000,0.348519
196167726745000,0.347481
196168327436000,0.694966
196168944299000,0.696251
196169555874000,0.347758
196170168205000,0.695438
196170759469000,0.348532
196171355224000,0.697067
196171971620000,0.346782
196172568031000,0.694975
196173169700000,0.34818
196173761991000,0.349227
196174357943000,0.349231
196174944082000,1.05086
196175540599000,0.350646
196176142384000,0.350984
196176744536000,0.352356
196177335321000,0.704711
196177931293000,0.706096
196178533022000,0.711974
196179134705000,0.717237
196179752144000,0.358561
196180347879000,0.359401
196180953810000,0.359024
196181595476000,0.709819
196182232094000,0.351265
196182853645000,0.349931
196183470848000,0.699247
196184086543000,0.699255
196184682740000,0.701375
196185284194000,0.350676
196185890945000,0.350325
196186498638000,0.35031
196187114219000,0.699221
196187730515000,0.350578
196188336787000,0.351327
196188933589000,0.352699
196189536181000,0.356354
196190136868000,0.360735
196190762513000,0.362725
196191374429000,0.731008
196192001122000,0.730237
196192643763000,0.362045
196193299783000,0.360126
196193940318000,0.360123
196194567289000,0.360427
196195168617000,0.361478
196195771431000,0.362211
196196397432000,0.361868
196197043021000,0.359542
196197699852000,0.35651
196198331196000,0.355148
196198949216000,1.06623
196199580305000,0.71033
196200201078000,1.06437
196200812490000,0.354828
196201418979000,0.355506
196202045905000,0.355475
196202673216000,0.710949
196203288433000,0.357514
196203905327000,0.358868
196204526554000,0.359244
196205158010000,0.360574
196205775398000,0.361271
196206406135000,0.3606
196207032538000,0.721896
196207654256000,0.361288
196208285593000,0.360314
196208913244000,0.721214
196209538826000,0.360607
196210175377000,0.360232
196210802042000,1.07657
196211428758000,0.355636
196212065794000,0.352958
196212696440000,0.351647
196213332488000,0.349595
196213944474000,0.348873
196214531312000,0.715814
196215128795000,1.05351
196215749815000,1.37297
196216350544000,1.01742
196216947082000,0.671108
196217684121000,0.330333
196218226143000,0.338104
196218741950000,0.344537
196219292465000,0.698911
196219833905000,0.705146
196220470639000,0.35193
196221102353000,0.350231
196221699677000,0.352649
196222310286000,0.353013
196222896250000,0.354453
196223513215000,0.70898
196224114552000,0.355481
196224742230000,0.353259
196225353040000,0.353026
196227387949000,0.704675
196228010414000,0.70401
196228620848000,0.351023
196229221273000,0.353087
196229828706000,0.352352
196230429921000,0.354437
196231037529000,0.711392
196231643671000,0.724045
196232274321000,0.73284
196232881358000,0.36831
196233507853000,0.357044
196234139232000,0.351127
196234856403000,0.691228
196237226941000,0.344302
196238720152000,0.342915
196239216806000,0.350874
196240414186000,0.354394
196241021959000,0.355039
196241692885000,0.350242
196242299026000,0.35093
196242885336000,0.351301
196243487116000,0.352014
196244104255000,0.350295
196244705035000,0.350984
196245316000000,0.349593
196245917395000,0.705235
196246524277000,0.707197
196247126600000,0.345856
196247742261000,0.710462
196248343484000,1.07992
196248990657000,0.370491
196249611988000,0.37156
196251135970000,0.395265
196251922564000,0.382487
196252574249000,0.756073
196253411910000,0.362674
196254033203000,0.715845
196254859327000,0.343455
196255455710000,0.342065
196256057664000,0.340629
196256644602000,0.341656
196257225942000,0.343107
196257791528000,0.345678
196258363383000,0.347438
196258949415000,0.347478
196259551214000,0.692063
196260153079000,0.345755
196260754033000,0.344307
196261355284000,0.343569
196261946908000,0.343167
196262523477000,0.343204
196263116372000,0.684729
196263696902000,0.344216
196264287453000,0.688493
196264868353000,1.03384
196265445434000,0.343469
196266026696000,0.34234
196266633550000,0.337219
196267229624000,0.67162
196267830666000,0.335777
196268397414000,0.337208
196268988408000,0.678707
196269536141000,0.688272
196270102066000,0.34537
196270682587000,0.346776
196271269579000,0.69559
196271855759000,0.694953
196272436955000,0.347139
196273014511000,0.699746
196273604956000,0.695433
196274201152000,0.346621
196274788034000,0.347688
196275364362000,0.348713
196275966749000,0.345177
196276542500000,0.348123
196277133058000,0.348445
196277725137000,0.345457
196278321254000,0.342637
196278882706000,0.340725
196279485318000,0.338709
196280085727000,0.665813
196280667037000,0.334282
196281253379000,0.332794
196281830011000,0.671971
196282442338000,0.33526
196282997981000,0.340917
196283588895000,0.341216
196284150185000,0.344925
196284736659000,0.687075
196285313481000,0.345974
196285890523000,0.3471
196286470725000,0.345218
196287071751000,0.343789
196287663878000,0.6875
196288260167000,0.342732
196288863141000,0.340116
196289423226000,0.341012
196290009293000,0.340258
196290585997000,0.342322
196291187364000,0.341977
196291758600000,0.346185
196292330733000,0.346563
196292911383000,0.348445
196293512700000,0.34543
196294099073000,0.343991
196294740740000,0.340618
196295327996000,0.340569
196295919014000,0.339208
196296494314000,0.34033
196297066040000,0.682801
196297647849000,0.342821
196298229398000,0.342823
196298811068000,0.343618
196299391583000,0.688657
196299978104000,0.346657
196300574944000,0.346672
196301161512000,0.343496
196301749059000,0.340855
196302339337000,0.345935
196302964904000,0.343207
196303566889000,0.343472
196304113266000,0.689473
196342760985000,0.345422
196343433222000,0.338667
196344014078000,0.338336
196344609935000,0.335536
196345176684000,0.336619
196345737831000,0.337393
196346309696000,0.33845
196346886023000,0.338145
196347452082000,0.339948
196348023405000,0.340655
196348594914000,0.341021
196349171343000,0.338772
196349748395000,0.678147
196350334079000,0.678283
196350915099000,0.342424
196351511837000,1.03455
196352063430000,0.35365
196352634629000,0.35632
196353221383000,0.363354
196353842103000,0.366281
196354448320000,0.716944
196355134846000,0.360151
196355746842000,1.11908
196356419242000,1.12918
196362539017000,0.774091
196364261974000,0.402483
196367655299000,0.388071
196368492127000,0.363917
196369239676000,0.34681
196464720488000,0.66776
196480407174000,0.338382
196480953643000,0.34283
196486518173000,0.355408
196487013596000,1.08936
196506870259000,0.727879
196507667314000,0.354029
196508268377000,0.362964
196522798311000,0.360335
196523379144000,0.36805
196526065993000,0.370524
196526661889000,0.756006
196527413841000,0.376676
196528035389000,0.754004
196528717836000,0.772446
196529358748000,0.387365
196530059452000,0.393558
196532060533000,0.388034
196532671504000,1.20806
196533533384000,1.16069
196534174955000,1.18282
196535012977000,1.14442
196535643783000,1.14763
196536485203000,0.370022
196537101771000,0.372466
196537863355000,0.363449
196538495876000,0.369552
196539136714000,0.739082
196539772888000,1.15171
196540439843000,0.383887
196541055176000,0.389384
196541733586000,0.764966
196542394252000,0.376219
196543301265000,0.35963
196543942928000,0.353688
196544625745000,1.04052
196545251479000,1.04076
196545842086000,0.699415
196546448762000,0.352696
196547055179000,0.356003
196547651840000,0.359839
196548273873000,0.358451
196548884232000,0.35984
196549521032000,0.356334
196550127511000,0.355642
196550753940000,0.707316
196551346021000,0.708093
196551961797000,0.348704
196552553127000,0.347568
196553164696000,0.344344
196553781016000,0.342977
196554423595000,0.339878
196554999268000,0.342042
196555595061000,0.339364
196556166896000,0.341131
196556778063000,0.671647
196557360680000,1.01032
196557991517000,0.336534
196558552301000,0.340186
196559178779000,0.336837
196559725214000,0.341891
196560311620000,0.34188
196560898789000,0.342934
196561524089000,0.340772
196562090343000,0.344507
196562682279000,0.685316
196563268208000,0.34304
196563896116000,0.340855
196564471795000,0.68764
196565092501000,0.68832
196565669194000,0.348369
196566265560000,0.350121
196566846899000,0.353361
196567454149000,0.706033
196568054782000,0.353739
196568671029000,0.704045
196569287538000,0.35168
196569908884000,0.351018
196570511170000,0.701993
196571121880000,0.349589
196571723357000,0.349525
196572329801000,0.348502
196572946319000,0.697739
196573548485000,0.697041
196574144414000,0.699931
196574744985000,0.349618
196575346437000,0.350626
196575968401000,0.348841
196576570499000,0.350216
196577181963000,0.350595
196577777661000,0.351668
196578388759000,0.351684
196578980155000,0.712124
196579592106000,0.35706
196580209063000,0.358765
196580859992000,0.359462
196581466362000,0.364056
196582102790000,0.36132
196582719359000,1.08496
196583346611000,0.718462
196583937338000,0.719856
196584588765000,0.712111
196585199930000,0.357155
196585836469000,0.356163
196586443953000,0.715116
196587064862000,0.355774
196587685168000,0.356513
196588312481000,0.709501
196588934172000,1.06523
196589561545000,0.708089
196590176822000,0.355466
196590803003000,0.354424
196591404695000,0.35839
196592031298000,0.358718
196592643558000,0.720912
196593279332000,0.36116
196593885040000,0.367705
196594537345000,0.365027
196595163753000,0.366726
196595786160000,0.733424
196596366791000,0.735441
196597057424000,0.722378
196597679685000,1.08344
196598326371000,0.35847
196598958609000,0.359727
196599604465000,0.716974
196600225437000,0.718947
196600852066000,0.361151
196601463571000,0.36447
196602120394000,0.363472
196602742431000,1.09641
196603387673000,0.366214
196604034653000,0.734329
196604690858000,0.731745
196605327431000,0.365544
196605979527000,0.724934
196606610544000,0.362478
196607262225000,0.35845
196607903528000,0.357478
196608535291000,0.71151
196609156836000,0.357439
196609792976000,1.06722
196610399546000,0.356462
196611025998000,0.355441
196611632477000,0.35778
196612264230000,0.3575
196612880039000,0.360795
196613526762000,0.361131
196614138181000,0.724364
196614764429000,0.360143
196615381737000,0.361432
196616022658000,0.359123
196616639236000,0.722932
196617270824000,0.360422
196617877251000,0.722234
196618524470000,0.716297
196619149741000,0.358482
196619796546000,0.71085
196620423100000,0.355445
196621044458000,0.356417
196621657392000,0.357096
196622282696000,0.355041
196622898472000,0.356775
196623520253000,0.356775
196624151321000,0.355464
196624804495000,0.355096
196625419839000,0.357871
196626051102000,1.06617
196626652792000,0.716025
196627259207000,1.06974
196627866410000,0.71155
196628492783000,1.05844
196629073345000,1.05851
196629705066000,0.348868
196630306401000,0.349912
196630917469000,0.699178
196631519735000,0.349939
196632125586000,0.349216
196632721824000,0.699074
196633338447000,0.696342
196633944868000,0.699755
196634552151000,0.3506
196635142889000,0.352359
196635738676000,0.703261
196636335320000,0.35121
196636957028000,0.349532
196637574899000,0.698335
196638190447000,0.348166
196638786176000,0.349906
196639377186000,0.350673
196639979253000,0.35064
196640591704000,0.348781
196641197711000,0.699019
196641813349000,0.695606
196642424845000,0.349159
196643021387000,0.348784
196643617698000,0.702517
196644229211000,0.701928
196644820484000,0.353375
196645442133000,0.705979
196646033382000,1.06012
196646655039000,0.704647
196647252330000,0.351267
196647863014000,0.34957
196648473934000,0.346336
196649080529000,0.691981
196649691923000,0.34562
196650299434000,0.691836
196650905226000,0.347354
196651511198000,0.699101
196652117846000,1.05577
196652728951000,0.352679
196653320714000,0.355388
196653932829000,0.35436
196654523385000,0.711606
196655134672000,0.708779
196655731352000,0.354759
196656347384000,0.706206
196656944729000,0.353452
196657550801000,0.704777
196658156466000,0.353426
196658778500000,0.353067
196659384941000,0.706809
196659997262000,0.706169
196660597961000,0.354141
196661218880000,0.352346
196661830658000,0.351997
196662441976000,0.701234
196663049722000,0.350538
196663665657000,0.349147
196664270653000,1.04768
196664867507000,0.350883
196665469182000,0.703159
196666667853000,0.703941
196667263482000,0.351259
196667869666000,0.70386
196668501361000,0.70053
196669122907000,0.35194
196669735145000,0.351954
196670335975000,0.707447
196670941687000,0.353747
196671538441000,0.35227
196672169733000,0.350939
196672782270000,0.355014
196673402968000,1.06511
196674018996000,0.357374
196674645694000,0.715519
196675247140000,0.357031
196675894690000,0.354166
196676490534000,0.714351
196677111467000,0.354473
196677703054000,0.713839
196678299419000,0.357326
196678905430000,0.356023
196679537921000,0.7041
196680138785000,0.352701
196680774696000,0.351681
196681386682000,0.353669
196681993800000,0.35363
196682595663000,0.354706
196683205892000,0.354031
196683822278000,0.710117
196684453808000,0.352701
196685065555000,0.353377
196685682820000,0.706694
196686293474000,0.71215
196686924316000,0.355736
196687526309000,0.356455
196688142746000,0.355737
196688754478000,0.707984
196689390734000,0.350612
196690011553000,0.349571
196690638572000,0.699764
196691254750000,0.350922
196691877362000,0.705195
196692473356000,0.712147
196693078980000,0.356793
196693685493000,0.360636
196694297149000,0.360284
196694898347000,0.360299
196695525667000,0.357468
196696116435000,0.356391
196696772744000,0.352313
196697384408000,0.350562
196698607920000,0.350337
196699208818000,0.699161
196699814550000,0.35094
196700421401000,0.349892
196701017909000,0.351263
196701625944000,0.350863
196702226188000,0.352352
196702841677000,0.350621
196703438672000,0.350565
196704049751000,0.697736
196704661984000,1.04432
196705278410000,0.692861
196705884047000,0.346757
196706480251000,0.693536
196707082177000,0.698296
196707678525000,0.349855
196708280723000,1.05786
196708881136000,0.354053
196709487415000,0.355421
196710109185000,0.709549
196710715662000,0.354045
196711342932000,0.353752
196711958774000,0.358876
196712589210000,0.358545
196713201468000,0.707746
196713812878000,0.741008
196714425647000,0.370878
196715111290000,0.371762
196715722035000,0.37728
196719125028000,0.395079
196720051912000,0.380473
196720659902000,0.390799
196721406292000,0.38717
196722071860000,0.383764
196722839002000,0.371925
196723480687000,0.738793
196724263092000,1.08123
196724919058000,1.10093
196783721872000,1.11147
196785696823000,0.742363
196787460454000,0.738615
196917274283000,0.365455
196918000951000,0.711339
196918693024000,1.07249
196989537946000,1.02837
196990135329000,1.01409
196990716093000,1.03547
196999526167000,0.694169
197006282891000,0.342652
197006733504000,0.356294
197010691817000,0.359858
197011378889000,0.357564
197012020221000,0.359117
197012662699000,0.358803
197013273442000,0.360874
197016876449000,0.732989
197017538161000,0.363471
197018219664000,0.359118
197018867314000,0.359706
197019513152000,0.715472
197020144073000,0.356057
197020745705000,0.707759
197021332018000,1.06276
197021958702000,0.701896
197022565714000,0.702575
197023196286000,0.702605
197023792371000,0.354093
197024404052000,0.705254
197025000801000,0.351124
197025607723000,0.348647
197026233525000,0.346589
197026859822000,0.687792
197027456251000,0.343908
197028037728000,0.344273
197028619870000,0.34599
197029210659000,0.34641
197029801531000,0.347799
197030388087000,1.04444
197030974481000,0.349227
197031576049000,0.348131
197032177837000,0.349229
197032783686000,0.69632
197033385129000,0.349139
197033981566000,0.348836
197034577724000,0.350949
197035185268000,0.701182
197035780860000,0.35519
197036386321000,0.356926
197036988495000,0.365828
197037609921000,0.367918
197038222297000,0.376576
197038883010000,0.375714
197039498907000,0.753607
197040210897000,0.368157
197040852452000,0.372364
197043768950000,0.368249
197046561160000,0.371015
197047202434000,0.367775
197047799790000,0.367782
197048485492000,0.361594
197049121184000,0.361279
197049778399000,0.355556
197050379682000,0.355923
197050987173000,1.06669
197051588081000,0.71116
197052228627000,1.05403
197052830450000,0.703328
197053446898000,0.351312
197054049297000,0.705282
197054670384000,0.350926
197055271011000,0.704034
197055877426000,0.703306
197056483750000,0.353703
197057100446000,0.354
197057701983000,0.705817
197058313317000,0.360915
197058919541000,0.724861
197059556360000,0.722603
197060182545000,0.361281
197062492968000,0.73407
197063229984000,0.358739
197063857255000,0.361355
197064487770000,0.721206
197065103649000,0.722628
197065755828000,0.358308
197066366892000,0.360359
197067014787000,0.358782
197067614876000,0.731361
197068231117000,0.366317
197068842806000,0.742021
197069479096000,0.370004
197070116838000,0.756673
197070822823000,0.742021
197071458417000,0.369986
197075152205000,0.366021
197075769207000,0.374432
197076516801000,0.363631
197077112521000,1.08878
197077728545000,0.729237
197078359924000,0.363208
197080064680000,0.35203
197081522429000,0.349856
197082128800000,0.351899
197082770228000,1.04605
197083392291000,0.697442
197083973101000,0.347964
197084544364000,0.349015
197085180909000,0.346697
197085792372000,0.694723
197086394912000,0.345564
197086970612000,0.34706
197087560929000,0.345576
197088152870000,0.344822
197088779342000,0.684849
197089361492000,0.677684
197089962782000,0.335665
197090538221000,0.346115
197091124636000,0.695848
197091706180000,0.697954
197092237251000,0.707657
197094823390000,0.355822
197095574999000,0.345985
197096182163000,0.344983
197096773023000,0.343873
197097364178000,1.03362
197097940560000,0.694751
197098506962000,0.340218
197099084551000,0.342977
197099649903000,0.347968
197100250795000,0.347997
197100867420000,0.344854
197102822497000,0.351014
197103458328000,0.346895
197104105126000,0.340889
197104716486000,0.339188
197105293877000,0.339819
197105864948000,0.341349
197106445525000,0.681992
197107011743000,0.342744
197107588216000,0.342807
197108169346000,0.3432
197108761669000,0.340918
197109342368000,0.34064
197109932513000,0.671356
197110519837000,0.670529
197111116389000,0.669798
197111682730000,1.00799
197112294609000,1.01124
197112830444000,1.02426
197113406849000,0.685572
197113983097000,0.687784
197114559492000,0.691336
197115146742000,0.347425
197115727534000,0.696338
197116313212000,0.696989
197116895031000,0.347766
197117486296000,0.698292
197118093802000,0.347312
197118674773000,0.34882
197119260078000,0.696312
197119821724000,0.70102
197120418014000,0.696899
197120989485000,0.3488
197121581854000,0.693361
197122157775000,0.694749
197122763142000,0.34462
197123354949000,0.681545
197123946185000,0.340078
197124523736000,0.335256
197125124443000,0.670725
197125725215000,0.332377
197126296843000,0.673909
197126903373000,0.676021
197127459633000,0.686348
197128062075000,0.683582
197128612500000,0.344581
197129203352000,0.343193
197129795172000,0.681976
197130371305000,0.680572
197130948885000,0.678922
197131519623000,0.681253
197132105497000,0.680542
197132676850000,0.683329
197133248236000,0.683409
197133829468000,0.341714
197134421616000,0.340296
197135012419000,0.340642
197135597944000,0.340322
197136179902000,0.34065
197136746234000,0.682043
197137318670000,0.342035
197137899355000,0.341065
197138480267000,0.682823
197139061792000,0.682657
197139638122000,0.340993
197140219478000,0.338352
197140796914000,0.33938
197141377610000,0.336767
197141962986000,0.335414
197142569928000,0.336413
197143115890000,0.339727
197143718318000,0.3404
197144278724000,0.690492
197144835386000,0.692634
197145406399000,0.348059
197145977919000,0.346627
197146554112000,0.3378
197147151514000,0.335409
197147707024000,0.668852
197148292773000,0.66759
197148899856000,0.33478
197149431051000,0.342734
197150012337000,0.688271
197150579303000,0.69214
197151165147000,0.347409
197151746497000,0.346223
197152322858000,0.691817
197152908999000,0.343359
197153481595000,0.343324
197154097352000,0.33994
197154667711000,0.341016
197155259724000,0.340586
197155825956000,0.341724
197156408080000,0.340945
197156984602000,0.682695
197157570061000,0.340329
197158156233000,0.341376
197158737891000,0.341722
197159324186000,0.684932
197159901101000,0.343141
197160482298000,0.344294
197161068063000,0.343932
197161659500000,0.343923
197162246037000,0.685622
197162837344000,0.342827
197163429539000,0.686373
197164020176000,0.688484
197164606441000,0.68694
197165182977000,0.68914
197165769412000,0.344207
197166366677000,0.344148
197166967389000,0.344196
197167548146000,0.348621
197168134593000,0.350072
197168716133000,0.354884
197169302570000,0.353334
197169904130000,0.351485
197170555191000,0.346635
197171171766000,0.344464
197171823546000,0.33955
197172414733000,0.680652
197172991419000,0.341086
197173567592000,0.342133
197174138766000,0.342472
197174719967000,0.343923
197175306915000,0.687742
197175894227000,0.344161
197176479785000,0.687813
197177065608000,0.690652
197177657087000,0.344208
197178248365000,0.689897
197178839783000,0.690627
197179421877000,0.346418
197180022770000,1.0338
197180608687000,0.346018
197181200411000,0.691331
197181796975000,0.345656
197182394292000,0.34412
197182969912000,0.345692
197183565672000,0.344984
197184162432000,0.344964
197184758860000,0.686269
197185334957000,0.687731
197185932124000,0.342789
197186522829000,0.685685
197187114400000,0.342429
197187690693000,0.344592
197188276768000,0.689257
197188858765000,0.345728
197189450299000,0.344577
197190035879000,0.344235
197190632282000,0.342087
197191223916000,0.341699
197191821339000,0.339093
197192402005000,0.339897
197192987964000,0.333834
197193559387000,0.668978
197194165828000,0.335212
197194732202000,0.671889
197195369322000,0.671939
197195900160000,0.687038
197196475857000,0.689178
197197062664000,0.345249
197197628987000,0.692011
197198206258000,0.347362
197198792231000,0.34674
197199372941000,0.347785
197199964240000,1.03667
197200530553000,0.342851
197201122142000,0.341464
197201699283000,0.672754
197202299997000,0.670219
197202885756000,0.333596
197203447387000,1.01254
197204053751000,1.01146
197204610813000,0.341501
197205207277000,0.685151
197205772898000,0.344911
197206364308000,0.344185
197206945650000,0.343856
197207512073000,0.688411
197208104129000,0.341755
197208674849000,0.342133
197209265824000,0.340287
197209842576000,0.681252
197210433879000,1.01858
197211011434000,0.34018
197211597297000,0.339567
197212172902000,0.340661
197212749391000,0.340601
197213330491000,0.341728
197213912227000,0.341367
197214489659000,0.682727
197215070204000,0.681338
197215655857000,0.680628
197216247427000,0.339209
197216823966000,0.338439
197217401335000,0.337645
197217977343000,0.338841
197218553121000,0.673856
197219124370000,0.337613
197219695390000,0.339107
197220261798000,0.339462
197220874682000,0.339687
197221430063000,0.688359
197222010766000,0.688371
197222592516000,0.346209
197223158733000,0.346243
197223734721000,0.344789
197224327128000,0.685453
197224882908000,0.678362
197225473996000,0.336811
197226045616000,0.332856
197226611960000,0.334549
197227214279000,0.332314
197227780047000,0.336828
197228380716000,0.673657
197228937250000,0.341577
197229543478000,0.680347
197230115134000,0.684849
197230697252000,0.68348
197231272866000,0.682016
197231849062000,0.341683
197232425633000,0.341341
197232996919000,0.681219
197233589314000,0.339102
197234159931000,0.339909
197234745651000,0.339904
197235327363000,0.342666
197235898688000,0.344826
197236470255000,0.349722
197237047035000,0.354199
197237642680000,0.351865
197238253963000,0.350024
197238845224000,0.343131
197239542263000,0.340559
197240214317000,0.66616
197240820351000,0.670233
197241436460000,0.337124
197241997815000,0.344128
197242614518000,0.351231
197243186900000,0.358598
197243771751000,0.360153
197244378090000,0.358645
197244969631000,0.357911
197245656717000,0.350154
197246289164000,0.353111
197246899873000,0.356134
197247490741000,0.35693
197248092350000,0.347514
197248678681000,0.345176
197249360530000,0.337939
197250878297000,0.330368
197253084805000,0.663245
197253605333000,0.341751
197254145763000,0.344707
197254707654000,0.348894
197255244015000,0.36485
197255871761000,0.367406
197256492288000,0.374704
197257103410000,0.378161
197262125168000,0.384066
197262897629000,0.374631
197263553483000,0.375589
197264270176000,0.369783
197264901422000,0.362275
197265629691000,0.348256
197266265305000,0.349551
197266911117000,0.346302
197267552980000,0.688167
197270188432000,0.721027
197271767842000,0.737562
197272425101000,0.736949
197284547777000,0.369907
197286066112000,0.36901
197286903433000,0.363029
197287499342000,0.366184
